0,-124.99202019855868
1,-133.02506598911802
2,-64.98310652189998
3,-60.25511870305778
4,-63.43494882292201
5,-61.38954033403479
6,-69.44395478041653
7,-66.80140948635182
8,-90.0
9,-90.0
10,180.0
11,161.565051177078
12,149.03624346792648
13,141.34019174590992
14,138.81407483429035
15,135.0
16,135.0
17,132.51044707800085
18,133.02506598911802
19,131.18592516570965
20,131.42366562500266
21,125.53767779197437
22,51.00900595749453
23,43.264295411071615
24,107.35402463626133
25,111.80140948635182
26,109.6538240580533
27,111.03751102542182
28,101.30993247402021
29,102.52880770915151
30,80.53767779197439
31,78.69006752597979
32,45.0
33,33.690067525979785
34,-9.462322208025617
35,-18.43494882292201
36,-29.054604099077146
37,-33.690067525979785
38,-36.86989764584402
39,-39.80557109226519
40,-40.91438322002513
41,-43.025065989118026
42,-43.264295411071615
43,-49.635463426902646
