0,-108.79988515865266
1,-109.17900802581072
2,-108.06047193619918
3,-107.28149837181665
4,-103.73626830562257
5,-102.80426606528675
6,-101.56013079421777
7,-95.85601358542897
8,-96.00900595749452
9,-94.63546342690265
10,-110.55604521958347
11,-105.94539590092286
12,-108.43494882292202
13,-101.30993247402021
14,-104.03624346792648
15,-26.56505117707799
16,-18.43494882292201
17,0.0
18,0.0
19,8.13010235415598
20,15.945395900922854
21,26.56505117707799
22,36.86989764584402
23,53.13010235415598
24,63.43494882292201
25,104.03624346792648
26,102.52880770915151
27,106.69924423399362
28,94.39870535499554
29,95.71059313749964
30,95.5721978039638
31,101.07020257793937
32,102.2647737278924
33,103.17255342332689
34,105.46121774044191
35,106.26020470831196
36,108.43494882292202
37,108.08344538304866
38,102.65255650055798
39,101.76828893202065
40,98.29714496983688
41,97.27500495788927
42,96.07245640720771
43,94.96974072811031
44,93.73139699916045
45,88.63607246839707
46,88.60281897270363
47,87.13759477388825
48,81.2538377374448
49,75.96375653207353
50,73.30075576600639
51,66.03751102542182
52,63.43494882292201
53,26.56505117707799
54,23.962488974578186
55,16.69924423399362
56,14.036243467926479
57,8.74616226255521
58,7.125016348901798
59,3.576334374997351
60,4.398705354995532
61,0.0
62,0.0
63,-6.34019174590991
64,-7.125016348901798
65,-51.34019174590991
66,-56.309932474020215
67,-66.80140948635182
68,-71.56505117707799
69,-78.69006752597979
70,-86.98721249581666
71,-88.53119928561418
72,-88.56790381583535
73,-93.9004937423819
74,-95.1944289077348
75,-96.3401917459099
76,-97.59464336859145
77,-98.65254179111473
78,-102.2647737278924
79,-103.17255342332689
