0,-90.0
1,-99.46232220802563
2,-135.0
3,-146.30993247402023
4,-104.03624346792648
5,-90.0
6,-90.0
7,-45.0
8,88.15238973400541
9,91.73570458892839
10,98.61564818416412
11,100.00797980144135
12,99.7275785514016
13,72.5528115767178
14,71.56505117707799
15,78.02386755579664
16,80.8376529542783
17,50.19442890773481
18,39.80557109226519
19,26.56505117707799
20,15.945395900922854
21,8.13010235415598
22,0.0
23,-7.125016348901798
24,-22.619864948040426
25,-21.037511025421818
26,-23.19859051364819
27,-15.945395900922854
28,-4.573921259900861
29,0.0
30,2.2025981617658053
31,50.01311375503581
32,53.97262661489639
33,58.781597235653635
34,60.80251395393553
35,61.50436138175502
36,43.40885972880541
37,42.58049078334367
38,42.510447078000844
39,45.88140399658214
40,45.93919094573558
41,13.134022306396323
42,10.954062643398334
43,5.527540151656172
44,3.576334374997351
45,1.7899106082460694
46,0.0
47,-1.7357045889283889
48,-6.34019174590991
49,-6.170175095029609
50,-8.74616226255521
51,-7.431407971172507
52,-6.0724564072077
53,-5.9468630539735
54,-4.666858371438996
55,-3.503531644784458
56,-2.2906100426385296
57,-1.1457628381751033
58,-6.84277341263094
59,-7.125016348901798
60,-8.471144633014832
61,-9.688786560366802
62,-8.530765609948133
63,-8.972626614896393
64,-7.696051722016569
65,-7.907162702958458
66,-3.4682292589171477
67,-1.7357045889283889
68,0.0
69,1.7899106082460694
70,3.6913859864512757
71,1.9091524329963763
72,0.0
73,-1.9749340108819766
74,-3.945186229037563
75,-13.495733280795811
76,-14.620873988631656
77,-17.650124219930124
78,-25.016893478100023
79,-23.19859051364819
80,-24.77514056883192
81,-22.619864948040426
82,-24.443954780416536
83,-8.13010235415598
84,0.0
85,9.462322208025617
86,0.0
87,-54.46232220802562
