0,-123.69006752597979
1,128.6598082540901
2,119.5387822595581
3,169.9920201985587
4,172.8749836510982
5,45.0
6,18.43494882292201
7,9.462322208025617
8,0.0
9,0.0
10,-6.34019174590991
11,-5.710593137499642
12,-23.629377730656817
13,-26.56505117707799
14,-27.89727103094763
15,-30.46554491945988
16,-31.429565614838516
17,-51.95295746817391
18,-54.68878656036681
19,-55.7842978675626
20,-58.3924977537511
21,-59.34933204294713
22,-73.14160123226172
23,-74.74488129694222
24,-76.7594800848128
25,-78.36636600105956
26,-80.2724214485984
27,-85.10090754621224
28,-86.82016988013577
