0,-144.46232220802563
1,-148.73626830562256
2,-149.34933204294714
3,-154.29004621918875
4,-155.22485943116808
5,-158.96248897457818
6,-160.20112364547506
7,-164.35775354279127
8,-165.96375653207352
9,-172.8749836510982
10,-175.0302592718897
11,180.0
12,177.3974377975002
13,172.23483398157467
14,169.21570213243743
15,161.565051177078
16,158.19859051364818
17,153.434948822922
18,149.93141717813756
19,145.61965527615513
20,142.12501634890182
21,136.63657704161673
22,133.36342295838327
23,130.36453657309735
24,127.30394827798344
25,115.46334506187162
26,114.22774531795417
27,116.56505117707799
28,115.20112364547508
29,119.74488129694222
30,118.30075576600638
31,122.47119229084849
32,120.96375653207352
33,130.6012946450045
34,129.8055710922652
35,141.34019174590992
36,143.13010235415598
37,180.0
38,-161.565051177078
39,-126.86989764584402
40,-111.80140948635182
41,-104.03624346792648
42,-96.3401917459099
43,-94.76364169072617
44,-90.0
45,-85.23635830927383
46,-83.6598082540901
47,-75.96375653207353
48,-63.43494882292201
49,-45.0
50,-18.43494882292201
51,0.0
52,36.86989764584402
53,38.65980825409009
54,50.19442890773481
55,49.398705354995535
56,59.03624346792648
57,57.52880770915151
58,63.43494882292201
59,61.92751306414704
60,64.79887635452492
61,63.43494882292201
62,66.80140948635182
63,51.00900595749453
64,48.01278750418334
65,43.36342295838329
66,40.10090754621224
67,36.384351815835885
68,33.02386755579665
69,28.810793742973058
70,25.463345061871614
71,18.43494882292201
72,15.255118703057777
73,10.304846468766033
74,7.431407971172507
75,2.489552921999156
76,0.0
77,-7.125016348901798
78,-9.090276920822323
79,-13.495733280795811
80,-15.068488159492212
81,-19.093492000485615
82,-20.323136829662943
83,-25.709953780811265
84,-26.56505117707799
85,-29.74488129694222
86,-30.379126011368342
87,-34.59228868750995
88,-41.00908690157022
89,-38.04704253182609
90,-37.69424046668917
91,-34.28687697720896
92,-33.690067525979785
93,-27.64597536373868
94,-26.56505117707799
95,-21.80140948635181
96,-20.224859431168078
97,-11.888658039627975
98,-9.462322208025617
99,-3.1798301198642345
100,0.0
101,10.007979801441337
102,14.036243467926479
103,20.556045219583467
104,25.016893478100023
105,36.25383773744479
106,40.60129464500447
107,45.0
108,49.08561677997488
109,49.398705354995535
110,39.80557109226519
111,39.28940686250036
112,28.61045966596522
113,26.56505117707799
114,11.309932474020213
115,6.34019174590991
116,-6.34019174590991
117,-14.036243467926479
118,-32.005383208083494
119,-40.60129464500447
120,-48.81407483429036
121,-56.309932474020215
122,-63.43494882292201
123,-68.96248897457819
124,-71.56505117707799
125,-75.96375653207353
126,-78.11134196037202
127,-81.46923439005187
128,-98.53076560994813
129,-99.46232220802563
130,-103.2405199151872
131,-105.94539590092286
132,-111.03751102542182
133,-114.44395478041653
134,-120.96375653207352
135,-130.6012946450045
136,-139.39870535499554
137,-150.25511870305778
138,-159.44395478041653
139,180.0
140,173.6598082540901
141,156.03751102542182
142,153.434948822922
143,141.34019174590992
144,140.71059313749967
145,130.2363583092738
146,130.6012946450045
147,135.0
148,137.29061004263855
149,141.84277341263095
150,150.25511870305778
151,154.9831065219
152,165.06858282186246
153,169.38034472384487
154,180.0
155,-176.63353933657018
156,-166.75948008481282
157,-164.47588900324575
158,-158.74949449286677
159,-157.16634582208246
160,-149.93141717813756
161,-149.03624346792648
162,-145.00797980144134
163,-144.46232220802563
164,-139.39870535499554
165,-139.1849161251184
166,-137.72631099390625
