0,-103.3924977537511
1,-106.69924423399362
2,-111.80140948635182
3,-115.3461759419467
4,-117.75854060106003
5,-121.42956561483851
6,-123.69006752597979
7,-131.18592516570965
8,-133.1523897340054
9,-151.18920625702694
10,-153.434948822922
11,-160.01689347810003
12,-162.34987578006988
13,-165.37912601136836
14,-167.7352262721076
15,-170.53767779197437
16,-172.8749836510982
17,-175.42607874009914
18,180.0
19,177.7974018382342
20,157.06789956241022
21,154.3589941756947
22,152.52556837372288
23,149.74356283647072
24,147.9946167919165
25,145.1755108430432
26,143.53076560994813
27,135.0
28,133.53119928561418
29,130.6012946450045
30,127.30394827798344
31,124.28687697720898
32,107.65012421993013
33,105.94539590092286
34,98.13010235415598
35,95.71059313749964
36,92.86240522611175
37,90.0
38,86.98721249581666
39,83.6598082540901
40,80.53767779197439
41,72.64597536373867
42,69.44395478041653
43,60.25511870305778
44,57.9946167919165
45,60.94539590092286
46,58.240519915187214
47,56.309932474020215
48,55.71312302279104
49,49.18491612511841
50,46.39718102729638
51,45.0
52,39.559667968994496
53,38.04704253182609
54,35.3112134396332
55,32.005383208083494
56,34.824489156956794
57,36.46923439005187
58,47.862405226111754
59,51.00900595749453
60,52.1250163489018
61,29.74488129694222
62,20.556045219583467
63,17.35402463626132
64,9.462322208025617
65,6.34019174590991
66,0.0
67,-2.8624052261117474
68,-5.440332031005506
69,-8.13010235415598
70,-10.304846468766033
71,-12.804266065286752
72,-14.620873988631656
73,-16.927513064147043
74,-18.43494882292201
75,-22.619864948040426
76,-23.74949449286676
77,-27.474431626277134
78,-28.30075576600638
79,-31.6075022462489
80,-32.61924307119283
81,-30.96375653207352
82,-30.256437163529263
83,-26.56505117707799
84,-25.559965171823812
85,-21.370622269343183
86,-19.98310652189998
87,-17.650124219930124
88,-15.945395900922854
89,-13.392497753751098
90,-11.309932474020213
91,-8.530765609948133
92,-6.009005957494525
93,-3.0127875041833403
94,0.0
95,3.1798301198642345
96,10.619655276155134
97,14.036243467926479
98,18.43494882292201
99,15.945395900922854
100,-23.19859051364819
101,-28.30075576600638
102,-37.568592028827496
103,-42.510447078000844
104,-47.290610042638534
105,-56.309932474020215
106,-57.9946167919165
107,-66.03751102542182
108,-68.74949449286676
109,-75.96375653207353
110,-81.46923439005187
111,-84.55966796899449
