0,-86.05481377096244
1,-92.2025981617658
2,-94.39870535499554
3,-96.84277341263095
4,-99.09027692082232
5,-101.76828893202065
6,-106.26020470831196
7,-109.17900802581072
8,-121.32869286780416
9,-127.87498365109822
10,-119.05460409907714
11,-115.3461759419467
12,-107.52556837372288
13,-104.03624346792648
14,-101.30993247402021
15,-98.9726266148964
16,95.9061411137705
17,97.59464336859145
18,115.01689347810004
19,111.80140948635182
20,68.19859051364818
21,64.98310652189998
22,82.40535663140857
23,84.0938588862295
24,-84.0938588862295
