0,-86.42366562500266
1,-88.15238973400541
2,-93.69138598645128
3,-95.71059313749964
4,-97.59464336859145
5,-99.7824070318073
6,-101.6893691754392
7,-104.03624346792648
8,-105.94539590092286
9,-108.43494882292202
10,-110.32313682966294
11,-124.28687697720898
12,-125.53767779197437
13,-131.82016988013575
14,-133.36342295838327
15,-139.89909245378777
16,-143.61564818416412
17,-146.97613244420336
18,-149.03624346792648
19,-152.35402463626133
20,-156.80140948635182
21,-160.01689347810003
22,-167.19573393471325
23,-170.13419305691565
24,160.8209919741893
25,157.75097634278765
26,151.3895403340348
27,148.2405199151872
28,144.46232220802563
29,141.34019174590992
30,138.01278750418336
31,135.0
32,133.53119928561418
33,127.69424046668917
34,126.46923439005187
35,120.96375653207352
36,119.98163936884934
37,107.87869659584133
38,106.18920625702695
39,101.97613244420336
40,100.30484646876603
41,98.3658861240326
42,95.04245106917092
43,93.27048792318357
44,88.36342295838328
45,86.82016988013577
46,73.00917670801384
47,71.07535558394876
48,65.4328286793987
49,63.43494882292201
50,60.80251395393553
51,58.781597235653635
52,56.309932474020215
53,54.293308599397115
54,53.13010235415598
55,18.43494882292201
56,53.13010235415598
57,65.22485943116808
58,37.40535663140856
59,37.874983651098205
60,57.264773727892404
61,59.62087398863166
62,61.1134182330893
63,63.43494882292201
64,71.56505117707799
65,73.81079374297306
66,82.64762064010765
67,84.28940686250037
68,90.0
69,91.97493401088198
70,93.94518622903756
71,98.42696902148067
72,100.4914770123316
73,114.44395478041653
74,115.46334506187162
75,122.27564431457762
76,123.69006752597979
77,127.40535663140857
78,130.91438322002512
79,135.0
80,139.39870535499554
81,143.74616226255523
82,151.92751306414706
83,156.3706222693432
84,-172.8749836510982
85,-168.6900675259798
86,-154.9831065219
87,-150.25511870305778
88,-144.46232220802563
89,-139.7636416907262
90,-137.29061004263855
91,-132.70938995736148
92,-130.6012946450045
93,-126.2538377374448
94,-124.50852298766841
95,-116.56505117707799
96,-115.3461759419467
97,-102.2647737278924
98,-99.86580694308438
99,-94.57392125990086
100,-92.29061004263853
101,-90.0
102,-83.418055344822
103,-81.57303097851933
104,-69.67686317033707
105,-67.06789956241022
106,-61.69924423399363
107,-59.03624346792648
108,-57.38075692880717
109,-54.68878656036681
110,-53.13010235415598
111,-50.44033203100551
112,-48.99091309842978
113,-43.66778014613036
114,-42.397437797500196
115,-48.50353164478446
116,-48.366460663429805
117,-50.59933933652057
118,-51.84277341263094
119,-54.090276920822326
120,-55.40771131249006
121,-57.652556500557964
122,-60.4612177404419
123,-62.7004277886672
124,-67.24902365721238
125,-69.44395478041653
