0,-76.90810693565317
1,-77.9052429229879
2,-80.53767779197439
3,-82.8749836510982
4,-84.28940686250037
5,-93.3664606634298
6,-93.46822925891715
7,-97.35237935989237
8,-97.59464336859145
9,-99.7824070318073
10,-100.12467165539782
11,-102.52880770915151
12,-102.9946167919165
13,-105.64224645720874
14,-106.26020470831196
15,-109.17900802581072
16,-111.80140948635182
17,-115.3461759419467
18,-117.89727103094764
19,-122.0053832080835
20,-127.56859202882748
21,-132.51044707800085
22,-140.71059313749967
23,-146.30993247402023
24,-157.38013505195957
25,-162.89727103094762
26,-175.6012946450045
27,180.0
28,167.90524292298792
29,165.06858282186246
30,154.9831065219
31,153.434948822922
32,145.4914770123316
33,144.78240703180728
34,138.57633437499737
35,138.3664606634298
36,133.45184230102205
37,133.53119928561418
38,129.5596679689945
39,129.8055710922652
40,126.52885536698517
41,126.86989764584402
42,124.11447294534128
43,124.50852298766841
44,122.15229514128235
45,122.57405713457253
46,120.52970589993411
47,120.96375653207352
48,119.74488129694222
49,118.7059525434011
50,119.29136217098426
51,118.81079374297306
52,120.7354877019201
53,120.25643716352927
54,122.47119229084849
55,122.0053832080835
56,124.59228868750995
57,124.15969454566944
58,127.23483398157467
59,126.86989764584402
60,130.6012946450045
61,130.36453657309735
62,135.0
63,135.0
64,131.42366562500266
65,129.8055710922652
66,123.02386755579664
67,121.75948008481281
68,118.61045966596521
69,116.56505117707799
70,110.55604521958347
71,106.26020470831196
72,103.49573328079582
73,87.70938995736148
74,85.23635830927383
75,80.53767779197439
76,77.7352262721076
77,73.07248693585295
78,70.01689347810003
79,67.75097634278764
80,64.5366549381284
81,62.35402463626132
82,34.38034472384487
83,32.27564431457763
84,28.810793742973058
85,26.56505117707799
86,23.19859051364819
87,20.854458039578347
88,17.650124219930124
89,5.194428907734806
90,2.489552921999156
91,-2.489552921999156
92,-5.194428907734806
93,-15.255118703057777
94,-18.43494882292201
95,-23.19859051364819
96,-30.068582821862453
97,-32.27564431457763
98,-43.15238973400541
99,-43.36342295838329
100,-41.82016988013577
101,-42.510447078000844
102,-43.78112476486871
103,-43.830860672092584
104,-45.0
105,-45.0
106,-54.16234704572171
107,-55.95406264339834
108,-56.659292653523
109,-61.78264414527071
110,-62.87869659584134
111,-64.5366549381284
112,-66.80140948635182
113,-68.4286928087454
