0,-72.2995722113328
1,-71.93952806380082
2,-72.71850162818336
3,-71.96571443287014
4,-72.80145877993414
5,-71.99583839408662
6,-72.89727103094764
7,-72.03086025984298
8,-73.00917670801384
9,-72.07208023799276
10,-73.14160123226172
11,-72.64597536373867
12,-73.81079374297306
13,-72.75854060106002
14,-74.05460409907715
15,-72.89727103094764
16,-74.35775354279127
17,-73.07248693585295
18,-74.74488129694222
19,-73.30075576600639
20,-75.25643716352927
21,-73.61045966596522
22,-75.96375653207353
23,-74.05460409907715
24,-77.0053832080835
25,-74.74488129694222
26,-78.69006752597979
27,-75.96375653207353
28,-81.86989764584403
29,-78.69006752597979
30,-90.0
31,-90.0
32,-135.0
33,135.0
34,135.0
35,116.56505117707799
36,120.96375653207352
37,113.19859051364818
38,116.56505117707799
39,113.96248897457819
40,116.56505117707799
41,112.61986494804043
42,114.77514056883193
43,111.80140948635182
44,113.62937773065681
45,111.25050550713325
46,112.83365417791754
47,110.85445803957835
48,112.24902365721238
49,110.55604521958347
50,111.80140948635182
51,110.32313682966294
52,111.44773632710536
53,110.13630342824813
54,111.16125981682828
55,109.98310652189998
56,110.92450174492117
57,109.85521436932106
58,110.72555886556054
59,109.74683660542613
60,110.55604521958347
61,109.6538240580533
62,110.40988283380399
63,108.43494882292202
64,107.35402463626133
65,107.7004277886672
66,106.92751306414705
67,107.65012421993013
68,106.82140989004083
69,107.19854122006586
70,106.31385242626057
71,107.10272896905236
72,106.14433878028349
73,106.99082329198617
74,105.94539590092286
75,106.85839876773828
76,105.70863782901574
77,106.69924423399362
78,105.42216131873867
79,106.50436138175503
80,105.06848815949222
81,106.26020470831196
82,104.62087398863166
83,105.94539590092286
84,104.03624346792648
85,105.52411099675426
86,103.2405199151872
87,104.93141717813755
88,102.0947570770121
89,104.03624346792648
90,100.30484646876603
91,102.52880770915151
92,97.1250163489018
93,99.46232220802563
94,90.0
95,90.0
96,63.43494882292201
97,45.0
98,0.0
99,-45.0
100,-45.0
101,-59.03624346792648
102,-56.309932474020215
103,-63.43494882292201
104,-60.94539590092286
105,-65.55604521958347
106,-63.43494882292201
107,-66.80140948635182
108,-64.98310652189998
109,-67.61986494804043
110,-66.03751102542182
111,-68.19859051364818
112,-66.80140948635182
113,-68.62937773065681
114,-67.38013505195957
115,-68.96248897457819
116,-67.83365417791754
117,-69.22774531795417
118,-68.19859051364818
119,-69.44395478041653
120,-68.4985656759521
121,-69.62356478616361
122,-68.74949449286676
123,-69.77514056883192
124,-68.96248897457819
125,-69.90476880809518
126,-69.14554196042165
127,-69.59011716619602
128,-68.87528085392752
129,-70.11483488614456
