0,-105.25511870305779
1,-111.80140948635182
2,-120.96375653207352
3,-155.55604521958347
4,-160.01689347810003
5,-165.96375653207352
6,165.96375653207352
7,160.01689347810003
8,153.434948822922
9,156.80140948635182
10,164.05460409907712
11,170.53767779197437
12,180.0
13,-171.86989764584402
14,-165.96375653207352
15,-168.6900675259798
16,-164.74488129694222
17,-158.19859051364818
18,-153.434948822922
19,-123.69006752597979
20,-119.05460409907714
21,-111.80140948635182
22,-73.30075576600639
23,-66.03751102542182
24,-60.94539590092286
25,-29.054604099077146
26,-23.962488974578186
27,-16.69924423399362
28,0.0
29,5.194428907734806
30,28.61045966596522
31,41.6335393365702
32,82.8749836510982
33,90.0
34,108.43494882292202
35,111.80140948635182
36,116.56505117707799
37,118.61045966596521
38,122.47119229084849
39,123.69006752597979
40,126.86989764584402
41,129.47245984834385
42,127.87498365109822
43,128.29016319224309
44,119.98163936884934
45,110.13630342824813
46,108.43494882292202
47,106.18920625702695
48,102.72435568542238
49,100.61965527615514
50,86.42366562500266
51,84.47245984834383
52,82.64762064010765
53,80.53767779197439
54,78.69006752597979
55,74.05460409907715
56,73.49563861824498
57,68.19859051364818
58,66.03751102542182
59,66.80140948635182
60,65.85445803957835
61,66.5713071912546
62,64.98310652189998
63,64.17900802581072
64,62.7004277886672
65,62.02052561151985
66,60.64224645720873
67,58.49573328079582
68,55.885527054658745
69,51.58194465517801
70,50.59933933652057
71,48.366460663429805
72,36.86989764584402
73,45.0
74,47.38594403038881
75,50.59933933652057
76,55.00797980144134
77,59.03624346792648
78,60.94539590092286
79,0.0
80,-4.085616779974877
81,-12.094757077012101
82,-17.102728969052375
83,-21.037511025421818
84,-45.0
85,-48.366460663429805
86,-55.00797980144134
87,-63.43494882292201
88,-70.01689347810003
