0,-88.09084756700362
1,-90.0
2,-90.0
3,-92.12109639666146
4,-92.29061004263853
5,-94.76364169072617
6,-94.96974072811031
7,-97.76516601842535
8,-98.13010235415598
9,-101.30993247402021
10,-101.88865803962798
11,-105.52411099675426
12,-106.38954033403479
13,-110.55604521958347
14,-111.80140948635182
15,-116.56505117707799
16,-118.30075576600638
17,-123.69006752597979
18,-126.02737338510362
19,-131.98721249581666
20,-135.0
21,-141.34019174590992
22,-145.00797980144134
23,-151.3895403340348
24,-155.55604521958347
25,-161.565051177078
26,-165.96375653207352
27,-171.2538377374448
28,-175.6012946450045
29,180.0
30,175.91438322002512
31,172.40535663140858
32,168.6900675259798
33,165.96375653207352
34,159.44395478041653
35,157.61986494804043
36,154.79887635452494
37,153.434948822922
38,150.94539590092285
39,149.93141717813756
40,147.72435568542238
41,146.97613244420336
42,145.00797980144134
43,144.46232220802563
44,142.6960517220166
45,142.30575953331083
46,140.71059313749967
47,140.4403320310055
48,138.9909130984298
49,138.81407483429035
50,137.48955292199918
51,137.38594403038883
52,136.16913932790743
53,136.12330271407544
54,135.0
55,135.0
56,133.95837332399003
57,133.99491399474581
58,133.02506598911802
59,133.09084756700364
60,132.1844433157888
61,132.27368900609375
62,131.42366562500266
63,131.53177074108288
64,129.9575489308291
65,47.41950921665634
66,45.0
67,45.0
68,44.11859600341786
69,44.09061955080086
70,43.15238973400541
71,43.09084756700362
72,42.08916217383224
73,41.98721249581666
74,40.91438322002513
75,40.763605200941164
76,39.61068824002659
77,39.40066066347943
78,38.15722658736906
79,37.874983651098205
80,36.52885536698517
81,36.15818543980833
82,34.69515353123397
83,34.2157021324374
84,32.61924307119283
85,32.005383208083494
86,30.256437163529263
87,29.475889003245747
88,25.559965171823812
89,24.443954780416536
90,22.249023657212366
91,20.854458039578347
92,18.43494882292201
93,16.69924423399362
94,14.036243467926479
95,11.888658039627975
96,8.972626614896393
97,6.34019174590991
98,3.1798301198642345
99,0.0
100,-3.3664606634298013
101,-7.125016348901798
102,-10.619655276155134
103,-14.931417178137554
104,-18.43494882292201
105,-23.19859051364819
106,-26.56505117707799
107,-31.6075022462489
108,-34.69515353123397
109,-39.80557109226519
110,-42.510447078000844
111,-47.48955292199916
112,-49.76364169072618
113,-54.46232220802562
114,-56.309932474020215
115,-60.64224645720873
116,-63.43494882292201
117,-67.16634582208245
118,-68.19859051364818
119,-71.56505117707799
120,-72.34987578006988
121,-75.37912601136834
122,-75.96375653207353
123,-78.69006752597979
124,-79.11447294534128
125,-81.57303097851933
126,-81.86989764584403
127,-84.0938588862295
128,-84.28940686250037
