0,-116.56505117707799
1,-121.26373169437744
2,-85.91438322002513
3,-84.0938588862295
4,-65.85445803957835
5,-63.43494882292201
6,-62.59242456218159
7,-65.37643521383639
8,-64.4400348281762
9,-66.80140948635182
10,-65.77225468204583
11,-68.74949449286676
12,-67.61986494804043
13,-71.56505117707799
14,-70.3461759419467
15,-72.89727103094764
16,-71.56505117707799
17,-74.74488129694222
18,-73.30075576600639
19,-82.8749836510982
20,-80.53767779197439
21,-90.0
22,-90.0
23,-108.43494882292202
24,-116.56505117707799
25,-153.434948822922
26,153.434948822922
27,146.30993247402023
28,126.86989764584402
29,128.6598082540901
30,116.56505117707799
31,119.05460409907714
32,112.61986494804043
33,114.77514056883193
34,107.52556837372288
35,109.29004621918874
36,103.57043438516149
37,90.0
38,90.0
39,86.42366562500266
40,85.23635830927383
41,79.69515353123397
42,74.05460409907715
43,63.43494882292201
44,45.0
45,26.56505117707799
46,0.0
47,-11.309932474020213
48,-30.96375653207352
49,-33.690067525979785
50,-39.80557109226519
51,-40.60129464500447
52,-48.81407483429036
53,-48.366460663429805
54,-51.34019174590991
55,-50.71059313749964
56,-53.13010235415598
57,-52.43140797117251
58,-54.46232220802562
59,-53.74616226255522
60,-55.4914770123316
61,-54.16234704572171
62,-55.619655276155136
63,-55.00797980144134
64,-56.309932474020215
65,-54.68878656036681
66,-55.7842978675626
67,-54.86580694308437
68,-60.80251395393553
