0,-54.46232220802562
1,-54.78240703180729
2,-55.92280471986926
3,-56.309932474020215
4,-58.781597235653635
5,-59.30027744918559
6,-60.64224645720873
7,-61.26020470831195
8,-62.7004277886672
9,-63.43494882292201
10,-64.98310652189998
11,-65.85445803957835
12,-67.5205656028969
13,-68.55226367289465
14,-70.3461759419467
15,-71.56505117707799
16,-73.49563861824498
17,-74.9315118405078
18,-77.0053832080835
19,-78.69006752597979
20,-83.15722658736907
21,-85.23635830927383
22,-87.61405596961119
23,-90.0
24,-92.48955292199916
25,-95.1944289077348
26,-97.76516601842535
27,-100.78429786756261
28,-103.3924977537511
29,-106.69924423399362
30,-109.29004621918874
31,-112.83365417791754
32,-115.3461759419467
33,-119.05460409907714
34,-121.42956561483851
35,-125.21759296819272
36,-127.40535663140857
37,-131.18592516570965
38,-135.0
39,-138.57633437499737
40,-140.19442890773482
41,-143.61564818416412
42,-145.00797980144134
43,-148.2405199151872
44,-149.42077312751098
45,-152.4471884232822
46,-153.434948822922
47,-156.25050550713325
48,-157.06789956241022
49,-159.67686317033704
50,-160.3461759419467
51,-165.96375653207352
52,-165.4655449194599
53,-167.0053832080835
54,-166.5042667192042
55,-168.23171106797935
56,-167.7352262721076
57,-169.69515353123398
58,-169.21570213243743
59,-171.46923439005187
60,-171.0273733851036
61,-173.6598082540901
62,-173.29016319224309
63,-176.42366562500266
64,-176.18592516570965
65,180.0
66,180.0
67,175.2363583092738
68,174.28940686250036
69,167.47119229084848
70,165.96375653207352
71,156.80140948635182
72,153.434948822922
73,141.34019174590992
74,135.0
75,120.96375653207352
76,111.80140948635182
77,99.46232220802563
78,90.0
79,81.86989764584403
80,74.05460409907715
81,69.44395478041653
82,63.43494882292201
83,60.94539590092286
84,52.1250163489018
85,51.34019174590991
86,48.01278750418334
87,47.72631099390627
88,45.0
89,45.0
90,42.70938995736147
91,42.87890360333855
92,40.91438322002513
93,41.18592516570965
94,39.472459848343824
95,39.80557109226519
96,38.29016319224307
97,38.65980825409009
98,36.02737338510361
99,36.46923439005187
100,35.3112134396332
101,35.75388725443675
102,34.69515353123397
103,35.134193056915635
104,34.15969454566943
105,31.827446576673108
106,30.379126011368342
107,29.74488129694222
108,30.650667957052864
109,29.981639368849336
110,30.96375653207352
111,30.256437163529263
112,31.328692867804172
113,30.579226872489016
114,31.759480084812793
115,30.96375653207352
116,32.27564431457763
117,31.429565614838516
118,32.9052429229879
119,32.005383208083494
120,33.690067525979785
121,32.7352262721076
122,36.86989764584402
123,36.02737338510361
124,38.65980825409009
125,37.874983651098205
126,41.18592516570965
127,40.60129464500447
128,45.0
129,45.0
130,51.34019174590991
131,53.13010235415598
132,63.43494882292201
133,71.56505117707799
134,90.0
135,116.56505117707799
136,135.0
137,161.565051177078
138,168.6900675259798
139,180.0
140,180.0
141,-172.8749836510982
142,-173.6598082540901
143,-168.6900675259798
144,-169.69515353123398
145,-165.96375653207352
146,-167.0053832080835
147,-164.05460409907712
148,-165.06858282186246
149,-162.6459753637387
150,-163.61045966596524
151,-161.565051177078
152,-163.3007557660064
153,-161.565051177078
154,-162.34987578006988
155,-160.8209919741893
156,-154.5366549381284
157,-153.434948822922
158,-149.93141717813756
159,-148.5704343851615
160,-144.78240703180728
161,-143.13010235415598
162,-139.08561677997488
163,-137.12109639666144
164,-132.87890360333856
165,-130.6012946450045
166,-126.2538377374448
167,-120.96375653207352
168,-116.56505117707799
169,-113.62937773065681
170,-109.4400348281762
171,-106.38954033403479
172,-102.52880770915151
173,-99.46232220802563
174,-96.00900595749452
175,-93.01278750418334
176,-90.0
177,-87.13759477388825
178,-84.55966796899449
179,-81.86989764584403
180,-79.69515353123397
181,-77.19573393471325
182,-75.37912601136834
183,-73.07248693585295
184,-71.56505117707799
185,-67.38013505195957
186,-66.25050550713324
187,-64.35899417569472
188,-63.43494882292201
189,-61.69924423399363
190,-60.94539590092286
191,-59.34933204294713
192,-58.73626830562258
193,-57.264773727892404
194,-56.768288932020646
195,-55.40771131249006
196,-55.00797980144134
197,-53.74616226255522
198,-53.42696902148067
199,-52.25319461272534
200,-52.00126755749534
201,-49.84400037508068
202,-49.53777250790665
203,-50.355825042855194
