0,-61.92751306414704
1,77.12499844038753
2,78.99645914825051
3,79.28687697720896
4,84.28940686250037
5,85.71084667118099
6,87.20729763428672
7,92.79270236571328
8,94.28915332881903
9,95.71059313749964
10,98.9726266148964
11,100.17551084304321
12,99.24611274556325
13,97.76516601842535
14,96.48307369289724
15,95.07960786001456
16,92.5448043798131
17,91.24536426676835
18,83.79655209830817
19,82.40535663140857
20,79.91940201245768
21,73.68614757373945
22,73.30075576600639
23,71.56505117707799
24,-49.08561677997488
