0,-129.47245984834385
1,-130.3141001604973
2,-129.98688624496418
3,-130.91438322002512
4,-130.76360520094119
5,-131.76029970389789
6,-131.49646835521557
7,-132.6140559696112
8,-132.3974377975002
9,-133.66778014613035
10,-133.53119928561418
11,-135.0
12,-135.0
13,-136.7357045889284
14,-136.97493401088198
15,-139.08561677997488
16,-139.39870535499554
17,-141.84277341263095
18,-143.13010235415598
19,-146.30993247402023
20,-149.03624346792648
21,-153.434948822922
22,-159.44395478041653
23,-165.96375653207352
24,180.0
25,170.53767779197437
26,158.19859051364818
27,149.03624346792648
28,120.96375653207352
29,95.35582504285519
30,82.8749836510982
31,56.309932474020215
32,45.0
33,38.65980825409009
34,15.945395900922854
35,8.13010235415598
36,-6.34019174590991
37,-12.528807709151511
38,-16.69924423399362
39,-21.80140948635181
40,-26.56505117707799
41,-30.256437163529263
42,-32.7352262721076
43,-35.53767779197438
44,-36.86989764584402
45,-39.0938588862295
46,-39.80557109226519
47,-41.6335393365702
48,-41.82016988013577
49,-43.45184230102203
50,-43.60281897270362
51,-45.0
52,-45.0
53,-46.2188752351313
54,-46.12330271407543
55,-47.202598161765806
56,-47.04540848888723
57,-48.01278750418334
58,-47.91083782616775
59,-48.81407483429036
60,-48.69138598645128
61,-49.53777250790665
62,-57.094757077012105
63,-56.309932474020215
64,-56.72511201516508
65,-55.885527054658745
66,-56.768288932020646
67,-55.84030545433057
68,-56.82148834060726
69,-55.7842978675626
70,-56.88865803962798
71,-55.71312302279104
72,-56.97613244420336
73,-55.619655276155136
74,-56.309932474020215
75,-54.78240703180729
76,-56.309932474020215
77,-54.46232220802562
78,-56.309932474020215
79,-53.97262661489639
80,-56.309932474020215
81,-53.13010235415598
82,-56.309932474020215
83,-51.34019174590991
84,-53.13010235415598
85,-45.0
86,-45.0
87,-90.0
88,-90.0
89,-104.03624346792648
90,-101.30993247402021
91,-113.19859051364818
92,-110.55604521958347
93,-116.56505117707799
94,-114.44395478041653
95,-116.56505117707799
96,-114.77514056883193
97,-118.07248693585296
98,-116.56505117707799
99,-119.05460409907714
100,-117.75854060106003
101,-119.74488129694222
102,-118.61045966596521
103,-120.25643716352927
104,-119.24882633654698
105,-119.98163936884934
106,-119.05460409907714
107,-120.37912601136834
108,-119.5387822595581
109,-120.69972255081441
110,-119.9315118405078
111,-120.46554491945989
