0,-128.6598082540901
1,-130.3141001604973
2,-129.28940686250036
3,-129.0938588862295
4,-127.99873244250468
5,-127.74680538727468
6,-126.57303097851934
7,-126.2538377374448
8,-124.99202019855868
9,-124.59228868750995
10,-123.23171106797936
11,-122.7352262721076
12,-121.26373169437744
13,-120.65066795705286
14,-119.05460409907714
15,-118.30075576600638
16,-114.77514056883193
17,-113.74949449286676
18,-111.80140948635182
19,-110.55604521958347
20,-108.43494882292202
21,-106.92751306414705
22,-104.62087398863166
23,-102.80426606528675
24,-100.30484646876603
25,-98.13010235415598
26,-95.44033203100551
27,-92.86240522611175
28,-90.0
29,-86.98721249581666
30,-83.99099404250548
31,-80.53767779197439
32,-74.47588900324574
33,-70.5599651718238
34,-67.61986494804043
35,-63.43494882292201
36,-60.64224645720873
37,-56.309932474020215
38,-53.74616226255522
39,-49.398705354995535
40,-47.12109639666146
41,-42.87890360333855
42,-40.91438322002513
43,-36.86989764584402
44,-35.21759296819271
45,-31.429565614838516
46,-30.068582821862453
47,-26.56505117707799
48,-24.443954780416536
49,-21.370622269343183
50,-19.17900802581072
51,-17.650124219930124
52,-18.43494882292201
53,-16.69924423399362
54,-18.43494882292201
55,-16.389540334034784
56,-17.35402463626132
57,-14.931417178137554
58,-15.945395900922854
59,-12.994616791916505
60,-14.036243467926479
61,-10.304846468766033
62,-11.309932474020213
63,-6.34019174590991
64,-7.125016348901798
65,0.0
66,0.0
67,11.309932474020213
68,14.036243467926479
69,33.690067525979785
70,63.43494882292201
71,90.0
72,108.43494882292202
73,116.56505117707799
74,126.86989764584402
75,128.6598082540901
76,135.0
77,135.0
78,139.39870535499554
79,138.81407483429035
80,142.12501634890182
81,141.34019174590992
82,143.9726266148964
83,143.13010235415598
84,145.30484646876604
85,144.46232220802563
86,147.9946167919165
87,147.0947570770121
88,148.5704343851615
89,147.72435568542238
90,149.03624346792648
91,148.2405199151872
92,149.42077312751098
93,148.67130713219584
94,149.74356283647072
95,149.03624346792648
96,150.01836063115067
97,149.34933204294714
98,150.25511870305778
99,145.84030545433058
100,144.86580694308435
101,145.30484646876604
102,143.13010235415598
103,143.53076560994813
104,142.30575953331083
105,142.6960517220166
106,141.34019174590992
107,141.70983680775691
108,140.19442890773482
109,140.52754015165618
110,138.81407483429035
111,139.08561677997488
112,137.12109639666144
113,137.29061004263855
114,135.0
115,135.0
116,132.27368900609375
117,131.98721249581666
118,124.99202019855868
119,123.69006752597979
120,119.05460409907714
121,116.56505117707799
122,110.55604521958347
123,105.94539590092286
124,98.13010235415598
125,90.0
126,80.53767779197439
127,68.19859051364818
128,59.03624346792648
129,45.0
130,38.65980825409009
131,26.56505117707799
132,23.19859051364819
133,14.036243467926479
134,11.309932474020213
135,5.194428907734806
136,4.763641690726178
137,0.0
138,0.0
139,-3.8140748342903543
140,-3.576334374997351
141,-6.7098368077569335
142,-6.34019174590991
143,-8.972626614896393
144,-8.530765609948133
145,-10.7842978675626
146,-10.304846468766033
147,-12.264773727892402
148,-11.309932474020213
149,-12.994616791916505
150,-12.528807709151511
151,-15.42216131873867
152,-17.241459398939973
153,-19.65382405805331
154,-20.323136829662943
155,-22.932100437589785
156,-23.74949449286676
157,-26.56505117707799
158,-27.5528115767178
159,-30.579226872489016
160,-31.759480084812793
161,-34.99202019855866
162,-36.384351815835885
163,-39.80557109226519
164,-41.423665625002656
165,-45.0
166,-46.8476102659946
167,-50.527540151656176
168,-52.59464336859145
169,-56.309932474020215
170,-60.94539590092286
171,-64.6538240580533
172,-67.16634582208245
173,-70.70995378081128
174,-73.30075576600639
175,-76.6075022462489
176,-79.2157021324374
177,-82.23483398157467
178,-84.8055710922652
179,-87.51044707800085
180,-90.0
181,-92.38594403038883
182,-94.76364169072617
183,-96.84277341263095
184,-99.09027692082232
185,-100.88552705465874
186,-105.06848815949222
187,-106.50436138175503
188,-108.43494882292202
189,-109.6538240580533
190,-111.44773632710536
191,-112.47943439710312
192,-114.14554196042165
193,-115.01689347810004
194,-116.56505117707799
195,-117.29957221133282
196,-118.73979529168805
197,-119.35775354279127
198,-120.69972255081441
199,-121.21840276434638
200,-122.47119229084849
201,-122.90524292298791
202,-125.21759296819272
203,-125.53767779197437
