0,-95.04245106917092
1,-96.91122711902469
2,-101.97613244420336
3,-104.03624346792648
4,-105.70863782901574
5,-110.13630342824813
6,-111.80140948635182
7,-121.60750224624891
8,-122.61924307119284
9,-125.31121343963319
10,-126.46923439005187
11,-129.28940686250036
12,-131.98721249581666
13,-135.0
14,-147.72435568542238
15,-148.5704343851615
16,-153.434948822922
17,-154.79887635452494
18,-157.61986494804043
19,-161.565051177078
20,-165.06858282186246
21,-171.2538377374448
22,-170.53767779197437
23,180.0
24,180.0
25,172.8749836510982
26,170.53767779197437
27,158.19859051364818
28,146.30993247402023
29,123.69006752597979
30,71.56505117707799
31,63.43494882292201
32,45.0
33,45.0
34,39.80557109226519
35,40.60129464500447
36,36.86989764584402
37,39.80557109226519
38,42.510447078000844
39,42.70938995736147
40,45.0
41,45.0
42,55.00797980144134
43,58.240519915187214
44,60.52411099675425
45,76.42956561483852
46,78.3106308245608
47,80.53767779197439
48,101.30993247402021
49,103.57043438516149
50,107.24145939893998
51,109.6538240580533
52,111.44773632710536
53,113.96248897457819
54,115.70995378081126
55,118.30075576600638
56,119.98163936884934
57,128.04704253182607
58,129.5596679689945
59,122.34744349944204
60,120.14138555207535
61,118.73979529168805
62,116.56505117707799
63,115.11483488614456
64,112.98871680208065
65,111.5014343240479
66,109.4400348281762
67,106.38954033403479
68,104.42077312751098
69,98.13010235415598
70,96.3401917459099
71,83.6598082540901
72,81.86989764584403
73,77.12499844038753
74,75.17352002964434
75,73.61045966596522
76,71.56505117707799
77,70.01689347810003
78,58.73626830562258
79,57.804266065286754
80,55.30484646876604
81,54.24611274556325
82,51.63251461513847
83,49.18491612511841
84,46.39718102729638
85,28.810793742973058
86,27.758540601060023
87,25.34617594194669
88,23.962488974578186
89,21.25050550713324
90,19.44003482817619
91,16.389540334034784
92,0.0
93,0.0
94,-12.528807709151511
95,-15.945395900922854
96,-26.56505117707799
97,-36.86989764584402
98,-53.13010235415598
99,-90.0
100,-101.30993247402021
101,-120.96375653207352
102,-123.69006752597979
103,-135.0
104,-135.0
105,-132.51044707800085
106,-132.70938995736148
107,-128.6598082540901
108,-129.0938588862295
109,-127.40535663140857
110,-123.69006752597979
111,-119.74488129694222
112,-113.49856567595211
113,-112.61986494804043
114,-107.10272896905236
115,-105.06848815949222
116,-102.52880770915151
117,-100.4914770123316
118,-98.13010235415598
119,-92.04540848888723
120,-90.0
121,-86.05481377096244
122,-83.8844964337146
123,-74.05460409907715
124,-71.56505117707799
125,-69.67686317033707
126,-67.06789956241022
127,-65.22485943116808
128,-59.743562836470744
129,-57.9946167919165
130,-55.175510843043206
131,-57.38075692880717
132,-56.82148834060726
133,-60.4612177404419
134,-61.92751306414704
135,-64.17900802581072
136,-65.69545073406329
137,-67.89055165624833
138,-71.02959219151346
139,-73.14160123226172
140,-78.02386755579664
141,-79.99202019855866
