0,-132.27368900609375
1,132.27368900609375
2,126.02737338510362
3,-135.0
4,-132.6140559696112
5,-132.51044707800085
6,-135.0
7,-135.0
8,-137.86240522611175
9,-138.01278750418336
10,-141.34019174590992
11,-141.70983680775691
12,-145.61965527615513
13,-146.30993247402023
14,-150.94539590092285
15,-152.10272896905238
16,-157.61986494804043
17,-159.44395478041653
18,-165.96375653207352
19,-168.6900675259798
20,-176.18592516570965
21,180.0
22,171.86989764584402
23,167.0053832080835
24,158.96248897457818
25,153.434948822922
26,146.30993247402023
27,140.71059313749967
28,137.72631099390625
29,132.27368900609375
30,127.56859202882748
31,122.7352262721076
32,119.35775354279127
33,115.20112364547508
34,112.83365417791754
35,109.29004621918874
36,107.65012421993013
37,104.62087398863166
38,103.49573328079582
39,100.88552705465874
40,100.4914770123316
41,98.13010235415598
42,97.59464336859145
43,95.52754015165618
44,84.47245984834383
45,82.40535663140857
46,81.86989764584403
47,79.50852298766841
48,79.11447294534128
49,76.50426671920418
50,75.37912601136834
51,72.34987578006988
52,70.70995378081128
53,67.16634582208245
54,64.79887635452492
55,60.64224645720873
56,57.264773727892404
57,52.43140797117251
58,50.19442890773481
59,45.0
60,39.28940686250036
61,33.690067525979785
62,26.56505117707799
63,21.037511025421818
64,12.994616791916505
65,8.13010235415598
66,0.0
67,-3.8140748342903543
68,-11.309932474020213
69,-14.036243467926479
70,-20.556045219583467
71,-22.380135051959574
72,-25.20112364547507
73,-26.56505117707799
74,-31.429565614838516
75,-32.27564431457763
76,-38.29016319224307
77,-38.65980825409009
78,-41.98721249581666
79,-42.13759477388825
80,-45.0
81,-45.0
82,-47.48955292199916
83,-47.38594403038881
84,-45.0
85,53.97262661489639
86,47.72631099390627
87,-47.72631099390627
88,-58.781597235653635
89,-57.9946167919165
90,-58.49573328079582
91,-56.768288932020646
92,-57.264773727892404
93,-55.30484646876604
94,-55.7842978675626
95,-53.53076560994813
96,-53.97262661489639
97,-51.34019174590991
98,-51.70983680775693
99,-50.19442890773481
100,-50.527540151656176
101,-46.97493401088198
102,-47.12109639666146
103,-42.70938995736147
104,-42.510447078000844
105,-36.86989764584402
106,-36.02737338510361
107,-28.61045966596522
108,-26.56505117707799
109,-21.80140948635181
110,-18.43494882292201
111,-6.34019174590991
112,0.0
113,14.036243467926479
114,23.19859051364819
115,35.53767779197438
116,45.0
117,53.13010235415598
118,60.94539590092286
119,65.55604521958347
120,71.56505117707799
121,74.05460409907715
122,78.69006752597979
123,79.99202019855866
124,83.6598082540901
125,84.55966796899449
126,87.39743779750019
127,87.51044707800085
128,90.0
129,92.48955292199916
130,92.72631099390628
131,95.71059313749964
132,96.70983680775694
133,100.61965527615514
134,102.0947570770121
135,107.10272896905236
136,109.98310652189998
137,116.56505117707799
138,122.0053832080835
139,130.6012946450045
140,140.19442890773482
141,150.25511870305778
142,164.05460409907712
143,172.8749836510982
144,-172.8749836510982
145,-167.47119229084848
146,-161.565051177078
147,-158.19859051364818
148,-149.03624346792648
149,-147.52880770915152
150,-140.71059313749967
151,-140.19442890773482
152,-135.0
153,-135.0
154,-130.91438322002512
155,-131.18592516570965
156,-129.47245984834385
157,-129.8055710922652
158,-126.86989764584402
159,-127.30394827798344
160,-124.8244891569568
161,-125.31121343963319
162,-123.17851165939277
163,-123.69006752597979
164,-121.82744657667313
165,-122.34744349944204
166,-120.69972255081441
167,-121.21840276434638
