0,-93.46822925891715
1,-95.35582504285519
2,-98.88065915052024
3,-100.95406264339833
4,-102.72435568542238
5,-120.25643716352927
6,-121.32869286780416
7,-124.28687697720898
8,-125.53767779197437
9,-128.6598082540901
10,-131.63353933657018
11,-135.0
12,-169.9920201985587
13,-172.8749836510982
14,180.0
15,176.18592516570965
16,172.40535663140858
17,167.90524292298792
18,164.05460409907712
19,158.96248897457818
20,155.22485943116808
21,143.9726266148964
22,140.71059313749967
23,138.01278750418336
24,126.02737338510362
25,122.47119229084849
26,116.56505117707799
27,85.23635830927383
28,79.69515353123397
29,74.74488129694222
30,68.19859051364818
31,59.03624346792648
32,45.0
33,41.6335393365702
34,22.619864948040426
35,24.77514056883192
36,28.30075576600638
37,33.690067525979785
38,47.290610042638534
39,51.84277341263094
40,55.4914770123316
41,59.53445508054013
42,60.94539590092286
43,64.6538240580533
44,65.77225468204583
45,72.34987578006988
46,73.07248693585295
47,81.2538377374448
48,83.418055344822
49,85.76360520094116
50,87.87890360333854
51,90.0
52,102.0947570770121
53,104.53445508054013
54,106.50436138175503
55,109.09349200048563
56,111.03751102542182
57,113.74949449286676
58,115.64100582430528
59,116.56505117707799
60,115.70995378081126
61,116.56505117707799
62,115.76932762433871
63,111.16125981682828
64,109.5366549381284
65,107.35402463626133
66,104.03624346792648
67,101.97613244420336
68,88.26429541107161
69,86.42366562500266
70,84.64417495714481
71,82.64762064010765
72,80.8376529542783
73,78.69006752597979
74,76.86597769360368
75,61.55707137563666
76,60.52411099675425
77,54.46232220802562
78,53.13010235415598
79,49.899092453787766
80,46.73570458892839
81,43.264295411071615
82,41.423665625002656
83,37.874983651098205
84,29.054604099077146
85,25.34617594194669
86,-34.38034472384487
87,-37.874983651098205
88,-45.0
89,-48.179830119864235
90,-51.00900595749453
91,-53.97262661489639
92,-55.175510843043206
93,-57.9946167919165
94,-59.03624346792648
95,-66.80140948635182
96,-67.5205656028969
97,-69.22774531795417
98,-73.81079374297306
99,-75.52970589993411
100,-77.66091272167381
101,-81.11934084947976
102,-83.08877288097531
