0,-83.15722658736907
1,-82.8749836510982
2,-85.0302592718897
3,-84.8055710922652
4,-87.27368900609373
5,-86.82016988013577
6,-90.0
7,-90.0
8,-94.39870535499554
9,-95.1944289077348
10,-101.30993247402021
11,-105.94539590092286
12,-116.56505117707799
13,-135.0
14,-153.434948822922
15,180.0
16,168.6900675259798
17,141.34019174590992
18,140.19442890773482
19,126.86989764584402
20,127.87498365109822
21,122.47119229084849
22,123.69006752597979
23,118.07248693585296
24,119.35775354279127
25,115.3461759419467
26,116.56505117707799
27,114.44395478041653
28,107.65012421993013
29,105.94539590092286
30,106.69924423399362
31,104.74356283647074
32,106.38954033403479
33,104.03624346792648
34,104.93141717813755
35,102.0947570770121
36,102.9946167919165
37,99.46232220802563
38,101.30993247402021
39,96.3401917459099
40,97.1250163489018
41,90.0
42,90.0
43,78.69006752597979
44,71.56505117707799
45,45.0
46,26.56505117707799
47,0.0
48,-18.43494882292201
49,-26.56505117707799
50,-45.0
51,-45.0
52,-50.19442890773481
53,-49.398705354995535
54,-53.13010235415598
55,-52.1250163489018
56,-57.52880770915151
57,-56.309932474020215
58,-58.3924977537511
59,-57.264773727892404
60,-60.64224645720873
61,-59.53445508054013
62,-60.94539590092286
63,-59.93141717813756
64,-64.4400348281762
65,-67.38013505195957
66,-68.19859051364818
