0,-91.6846843178963
1,-93.46822925891715
2,-96.91122711902469
3,-98.88065915052024
4,-100.61965527615514
5,-112.16634582208246
6,-112.9321004375898
7,-115.64100582430528
8,-116.56505117707799
9,-119.47588900324574
10,-120.57922687248902
11,-123.69006752597979
12,-164.05460409907712
13,-167.0053832080835
14,-175.6012946450045
15,180.0
16,175.2363583092738
17,163.3007557660064
18,158.19859051364818
19,135.0
20,130.6012946450045
21,122.0053832080835
22,116.56505117707799
23,108.43494882292202
24,66.03751102542182
25,57.9946167919165
26,48.81407483429036
27,41.18592516570965
28,37.874983651098205
29,24.443954780416536
30,22.619864948040426
31,17.102728969052375
32,19.65382405805331
33,62.59242456218159
34,53.47114463301483
35,-59.53445508054013
36,-67.61986494804043
37,-64.98310652189998
38,-65.85445803957835
39,-70.4633450618716
40,-72.12130340415867
41,-74.29136217098426
42,-75.96375653207353
43,-78.02386755579664
44,-79.69515353123397
45,-81.63411387596742
