0,-100.84030545433056
1,-97.76516601842535
2,-97.94347181059041
3,-95.5721978039638
4,-95.71059313749964
5,-93.01278750418334
6,-93.09405805891711
7,-91.59114027119459
8,-91.63657704161672
9,-90.0
10,-90.0
11,-88.15238973400541
12,-88.02506598911803
13,-85.91438322002513
14,-85.76360520094116
15,-83.418055344822
16,-82.23483398157467
17,-79.2157021324374
18,-76.7594800848128
19,-72.64597536373867
20,-60.94539590092286
21,-53.13010235415598
22,53.13010235415598
23,60.94539590092286
24,73.61045966596522
25,77.47119229084849
26,79.69515353123397
27,82.5685920288275
28,83.418055344822
29,85.76360520094116
30,86.05481377096244
31,88.09084756700362
32,88.21008939175394
33,90.0
34,90.0
35,91.63657704161672
36,91.59114027119459
37,93.09405805891711
38,93.01278750418334
39,94.39870535499554
40,94.28915332881903
41,96.7889745744388
42,96.63251461513848
43,100.84030545433056
44,100.61965527615514
45,95.9468630539735
46,88.63607246839707
47,88.60281897270363
48,85.60129464500447
49,85.48601154199875
50,83.8298249049704
51,83.6598082540901
52,81.86989764584403
53,81.63411387596742
54,79.69515353123397
55,79.38034472384487
56,77.27564431457763
57,76.86597769360368
58,74.57783868126133
59,73.49563861824498
60,70.90650799951439
61,68.62937773065681
62,65.55604521958347
63,62.24145939893998
64,58.57043438516149
65,47.48955292199916
66,42.510447078000844
67,-42.510447078000844
68,-47.48955292199916
69,-58.57043438516149
70,-62.24145939893998
71,-65.55604521958347
72,-68.62937773065681
73,-70.20112364547508
74,-72.89727103094764
75,-74.05460409907715
76,-76.42956561483852
77,-77.27564431457763
78,-79.38034472384487
79,-79.69515353123397
80,-81.63411387596742
81,-81.86989764584403
82,-83.6598082540901
83,-83.8298249049704
84,-85.48601154199875
85,-85.60129464500447
86,-90.0
87,-90.0
88,-94.86451443776053
