0,-95.44033203100551
1,-98.53076560994813
2,-104.03624346792648
3,-107.52556837372288
4,-110.22485943116808
5,-113.96248897457819
6,-116.56505117707799
7,-141.34019174590992
8,-143.74616226255523
9,-147.9946167919165
10,-150.64224645720873
11,-154.79887635452494
12,-160.55996517182382
13,-164.47588900324575
14,161.565051177078
15,157.61986494804043
16,152.10272896905238
17,147.9946167919165
18,145.4914770123316
19,141.34019174590992
20,139.08561677997488
21,130.91438322002512
22,129.0938588862295
23,125.21759296819272
24,122.90524292298791
25,111.80140948635182
26,109.29004621918874
27,105.94539590092286
28,100.78429786756261
29,97.76516601842535
30,77.19573393471325
31,74.05460409907715
32,69.14554196042165
33,65.77225468204583
34,63.43494882292201
35,59.93141717813756
36,57.724355685422374
37,39.472459848343824
38,37.40535663140856
39,33.690067525979785
40,31.429565614838516
41,27.758540601060023
42,25.34617594194669
43,21.80140948635181
44,-16.69924423399362
45,-20.224859431168078
46,-25.34617594194669
47,-29.054604099077146
48,-31.429565614838516
49,-39.0938588862295
50,-41.18592516570965
51,-52.59464336859145
52,-54.78240703180729
53,-62.24145939893998
54,-64.6538240580533
55,-68.19859051364818
56,-73.30075576600639
57,-76.6075022462489
