0,-100.30484646876603
1,-103.3924977537511
2,-108.43494882292202
3,-111.80140948635182
4,-114.22774531795417
5,-121.42956561483851
6,-123.69006752597979
7,-149.93141717813756
8,-152.24145939893998
9,-159.14554196042167
10,-164.05460409907712
11,-167.19573393471325
12,-169.69515353123398
13,-172.56859202882748
14,-177.51044707800085
15,180.0
16,157.38013505195957
17,154.4400348281762
18,150.52411099675425
19,144.46232220802563
20,142.6960517220166
21,139.63546342690265
22,138.17983011986425
23,131.82016988013575
24,128.29016319224309
25,124.99202019855868
26,109.29004621918874
27,107.52556837372288
28,101.88865803962798
29,99.46232220802563
30,96.3401917459099
31,90.0
32,86.42366562500266
33,48.366460663429805
34,45.0
35,37.874983651098205
36,33.690067525979785
37,26.56505117707799
38,21.80140948635181
39,15.255118703057777
40,5.194428907734806
41,0.0
42,-18.43494882292201
43,-21.037511025421818
44,-31.6075022462489
45,-36.86989764584402
46,-47.290610042638534
47,-51.84277341263094
48,-53.74616226255522
49,-57.9946167919165
50,-59.53445508054013
51,-58.57043438516149
52,-38.04704253182609
53,-38.36748538486154
54,-42.510447078000844
