0,-20.1706534118504
1,-19.50244850666222
2,-20.282559088916607
3,-19.573125830410195
4,-19.98310652189998
5,-18.43494882292201
6,-18.85315876441911
7,-20.556045219583467
8,-21.037511025421818
9,-22.833654177917545
10,-23.385221057213755
11,-25.27772223555295
12,-31.26373169437743
13,-30.650667957052864
14,-31.6075022462489
15,-30.96375653207352
16,-32.005383208083494
17,-29.74488129694222
18,-27.64597536373868
19,-25.34617594194669
20,-14.743562836470735
21,-12.528807709151511
22,-9.462322208025617
23,-6.009005957494525
24,3.0127875041833403
25,5.710593137499642
26,8.530765609948133
27,12.804266065286752
28,17.650124219930124
29,20.854458039578347
30,23.19859051364819
31,26.56505117707799
32,41.98721249581666
33,42.13759477388825
34,43.60281897270362
35,43.72696997994329
36,45.0
37,47.48955292199916
38,50.19442890773481
39,60.25511870305778
40,61.1134182330893
41,63.43494882292201
42,66.80140948635182
43,66.03751102542182
44,66.61477894278624
45,64.59228189105153
46,63.43494882292201
47,62.87869659584134
48,61.78264414527071
49,61.29404745659892
50,60.25511870305778
51,59.82647997035567
52,56.0035408517495
53,55.71312302279104
54,47.72631099390627
55,46.36392753160292
56,44.3414568224364
57,43.025065989118026
58,42.397437797500196
59,41.09950625761811
60,40.50284838533223
61,39.22567409733672
62,38.65980825409009
63,36.15818543980833
64,25.67681568183822
65,24.179107146689176
66,25.083594006190918
67,24.537728476577794
68,25.513870427534243
69,24.94390526342458
70,36.52885536698517
71,36.15818543980833
72,38.36748538486154
73,37.69424046668917
74,36.02737338510361
75,35.53767779197438
76,25.463345061871614
77,22.249023657212366
78,19.98310652189998
79,16.927513064147043
80,16.26020470831196
81,17.744671625056935
82,17.102728969052375
83,18.43494882292201
84,16.69924423399362
85,17.87869659584134
86,16.85839876773828
87,14.826479970355665
88,13.671307132195833
89,11.888658039627975
90,11.592175410291071
91,9.926245506651705
92,9.688786560366802
93,6.632514615138462
94,5.31454566994475
95,2.5448043798130953
96,0.0
97,-1.2453642667683475
98,-7.431407971172507
99,-8.841814560191672
100,-11.309932474020213
101,-12.804266065286752
102,-14.036243467926479
103,-17.198541220065866
104,-18.82471001824007
105,-18.43494882292201
106,-19.17900802581072
107,-18.799885158652657
108,-19.50244850666222
109,-18.103763034506628
110,-19.093492000485615
