0,-143.13010235415598
1,-145.40771131249005
2,-147.1714582085875
3,-149.3002774491856
4,-150.06848815949223
5,-161.565051177078
6,-162.89727103094762
7,-164.62374875117382
8,-165.96375653207352
9,-167.61924307119284
10,-168.95905981967627
11,-170.53767779197437
12,169.21570213243743
13,167.61924307119284
14,166.2930389959202
15,164.62374875117382
16,163.3007557660064
17,161.565051177078
18,160.25316339457387
19,156.61477894278624
20,155.32313682966296
21,153.434948822922
22,152.78388844269253
23,148.7815972356536
24,147.9946167919165
25,145.88552705465875
26,144.09027692082233
27,141.84277341263095
28,133.66778014613035
29,133.60281897270363
30,130.6012946450045
31,130.36453657309735
32,128.6598082540901
33,128.29016319224309
34,126.3843518158359
35,125.8376529542783
36,123.69006752597979
37,111.80140948635182
38,113.96248897457819
39,99.46232220802563
40,70.01689347810003
41,71.56505117707799
42,63.43494882292201
43,60.64224645720873
44,58.57043438516149
45,56.309932474020215
46,55.619655276155136
47,53.615648184164115
48,53.13010235415598
49,51.34019174590991
50,51.00900595749453
51,47.862405226111754
52,47.72631099390627
53,38.15722658736906
54,35.90972307917768
55,34.99202019855866
56,32.82854179141253
57,32.005383208083494
58,29.931511840507792
59,29.197486046064476
60,21.54097591853844
61,20.224859431168078
62,16.69924423399362
63,14.036243467926479
64,12.380756928807177
65,9.688786560366802
66,8.13010235415598
67,-6.788974574438791
68,-8.325650330426836
69,-11.040940180323732
70,-12.68038349181982
71,-15.376251248826188
72,-18.88608736970929
73,-20.224859431168078
74,-29.931511840507792
75,-30.699722550814414
76,-32.82854179141253
77,-34.59228868750995
78,-36.86989764584402
79,-45.0
80,-45.0
81,-49.635463426902646
82,-49.899092453787766
83,-51.70983680775693
84,-52.1250163489018
85,-54.16234704572171
86,-56.309932474020215
87,-59.03624346792648
88,-63.43494882292201
89,-61.38954033403479
90,-69.44395478041653
91,-66.80140948635182
92,-78.69006752597979
93,-90.0
94,-105.94539590092286
95,-104.03624346792648
96,-122.0053832080835
97,-124.50852298766841
98,-125.8376529542783
99,-127.87498365109822
100,-128.29016319224309
101,-130.10090754621226
102,-130.36453657309735
103,-135.0
104,-135.0
