0,-105.70863782901574
1,-110.13630342824813
2,-112.16634582208246
3,-114.77514056883193
4,-117.5528115767178
5,-120.57922687248902
6,-124.38034472384487
7,-127.87498365109822
8,-133.02506598911802
9,-136.97493401088198
10,-143.74616226255523
11,-147.9946167919165
12,-156.3706222693432
13,-160.55996517182382
14,-169.9920201985587
15,-173.6598082540901
16,176.82016988013575
17,173.99099404250546
18,165.25643716352928
19,163.3007557660064
20,155.77225468204585
21,154.5366549381284
22,148.2405199151872
23,147.52880770915152
24,142.30575953331083
25,141.95295746817393
26,137.6025622024998
27,137.48955292199918
28,133.8308606720926
29,133.87669728592456
30,129.8055710922652
31,127.74680538727468
32,125.36246188706906
33,124.59228868750995
34,126.52885536698517
35,126.15818543980834
36,129.5596679689945
37,129.28940686250036
38,133.45184230102205
39,133.36342295838327
40,138.57633437499737
41,138.81407483429035
42,145.4914770123316
43,146.30993247402023
44,149.03624346792648
45,150.25511870305778
46,140.19442890773482
47,135.0
48,129.28940686250036
49,100.30484646876603
50,95.71059313749964
51,90.0
52,83.6598082540901
53,77.47119229084849
54,29.74488129694222
55,32.005383208083494
56,36.86989764584402
57,37.874983651098205
58,41.6335393365702
59,41.98721249581666
60,39.28940686250036
61,39.80557109226519
62,37.568592028827496
63,38.15722658736906
64,31.429565614838516
65,17.650124219930124
66,15.255118703057777
67,12.264773727892402
68,9.865806943084367
69,7.125016348901798
70,0.0
71,-2.2906100426385296
72,-9.090276920822323
73,-7.125016348901798
74,-2.3859440303888126
75,0.0
76,4.969740728110304
77,7.765166018425333
78,10.304846468766033
79,13.392497753751098
80,15.945395900922854
81,19.290046219188735
82,21.80140948635181
83,25.34617594194669
84,26.56505117707799
85,30.46554491945988
86,33.690067525979785
87,31.6075022462489
88,0.0
89,-4.085616779974877
90,-15.945395900922854
91,-18.43494882292201
92,-28.072486935852957
93,-29.357753542791276
94,-36.86989764584402
95,-37.40535663140856
96,-43.264295411071615
97,-43.36342295838329
98,-48.01278750418334
99,-47.862405226111754
100,-51.63251461513847
101,-51.34019174590991
102,-56.309932474020215
103,-58.49573328079582
104,-61.26020470831195
105,-61.92751306414704
106,-61.1134182330893
107,-61.82140989004083
108,-60.01836063115067
109,-60.751173663453024
110,-57.52880770915151
111,-58.240519915187214
112,-54.16234704572171
113,-54.78240703180729
114,-49.398705354995535
115,-49.76364169072618
116,-42.27368900609374
117,-41.98721249581666
118,-30.96375653207352
119,-29.054604099077146
120,-12.528807709151511
121,-7.125016348901798
122,7.125016348901798
123,26.56505117707799
124,33.690067525979785
125,75.96375653207353
126,82.8749836510982
127,90.0
128,96.3401917459099
129,101.30993247402021
130,124.99202019855868
131,131.63353933657018
132,135.0
133,147.52880770915152
134,151.3895403340348
135,157.38013505195957
136,170.53767779197437
137,175.6012946450045
138,180.0
139,-153.434948822922
140,-147.52880770915152
141,-137.72631099390625
142,-132.27368900609375
143,-125.53767779197437
144,-120.96375653207352
145,-116.56505117707799
146,-112.83365417791754
147,-109.98310652189998
148,-106.92751306414705
149,-105.06848815949222
150,-102.52880770915151
151,-100.95406264339833
152,-102.3390872783262
