0,-95.52754015165618
1,-97.59464336859145
2,-101.30993247402021
3,-103.57043438516149
4,-105.42216131873867
5,-118.44292862436335
6,-119.47588900324574
7,-122.47119229084849
8,-123.69006752597979
9,-126.86989764584402
10,-128.29016319224309
11,-131.63353933657018
12,-135.0
13,-135.0
14,-136.97493401088198
15,-137.29061004263855
16,-132.87890360333856
17,-128.6598082540901
18,-125.21759296819272
19,-121.42956561483851
20,-120.06858282186246
21,-113.19859051364818
22,-112.24902365721238
23,-106.26020470831196
24,-104.03624346792648
25,-101.30993247402021
26,-96.84277341263095
27,-94.39870535499554
28,-85.60129464500447
29,-83.15722658736907
30,-78.69006752597979
31,-75.96375653207353
32,-73.73979529168804
33,-64.5366549381284
34,-63.43494882292201
35,-56.309932474020215
36,-53.13010235415598
37,-49.08561677997488
38,-28.30075576600638
39,-26.56505117707799
40,-18.43494882292201
41,-15.255118703057777
42,-10.304846468766033
43,-5.710593137499642
44,0.0
45,23.19859051364819
46,29.74488129694222
47,116.56505117707799
48,115.55996517182382
49,119.05460409907714
50,114.44395478041653
51,60.06848815949221
52,54.86580694308437
53,85.76360520094116
54,87.95459151111278
55,105.94539590092286
56,108.43494882292202
57,109.09349200048563
58,7.594643368591445
59,3.8140748342903543
60,-3.3664606634298013
61,-6.7098368077569335
62,-9.462322208025617
63,-12.528807709151511
64,-14.743562836470735
65,-43.45184230102203
66,-46.548157698977974
67,-49.398705354995535
68,-55.175510843043206
69,-56.309932474020215
70,-66.80140948635182
71,-68.55226367289465
72,-70.97439396243132
73,-72.75854060106002
74,-75.06858282186245
75,-78.69006752597979
76,-80.8376529542783
