0,-30.96375653207352
1,-29.74488129694222
2,-41.6335393365702
3,-33.690067525979785
4,-23.19859051364819
5,-18.43494882292201
6,-14.931417178137554
7,-10.619655276155134
8,61.1134182330893
9,65.69545073406329
10,72.12130340415867
11,74.29136217098426
12,74.74488129694222
13,51.76617482255306
14,50.01311375503581
15,54.63753811293095
16,55.40771131249006
17,11.309932474020213
18,8.13010235415598
19,2.7263109939062655
20,0.0
21,-2.602562202499806
22,-4.969740728110304
23,-7.431407971172507
24,-14.534455080540122
25,-14.036243467926479
26,-15.42216131873867
27,-12.528807709151511
28,-5.710593137499642
29,-2.8624052261117474
30,-1.3971810272963765
31,35.272421448598394
32,38.480198248343015
33,41.53177074108285
34,43.264295411071615
35,44.14490260373328
36,32.9052429229879
37,31.293038995920195
38,33.40782458970893
39,32.79953127261921
40,-1.273030020056711
41,-2.602562202499806
42,-5.194428907734806
43,-11.309932474020213
44,-11.888658039627975
45,-13.671307132195833
46,-16.69924423399362
47,-15.42216131873867
48,-15.945395900922854
49,-14.534455080540122
50,-15.068488159492212
51,-7.765166018425333
52,-5.194428907734806
53,-2.7263109939062655
54,-5.710593137499642
55,-24.22774531795417
