0,-76.6075022462489
1,-75.6186054089094
2,-76.67546873810922
3,-75.57922687248902
4,-76.7594800848128
5,-75.52970589993411
6,-76.86597769360368
7,-75.46554491945989
8,-77.0053832080835
9,-75.37912601136834
10,-77.19573393471325
11,-75.96375653207353
12,-78.11134196037202
13,-86.98721249581666
14,-90.0
15,-99.46232220802563
16,-103.2405199151872
17,-109.4400348281762
18,-113.62937773065681
19,-116.56505117707799
20,-120.96375653207352
21,-123.69006752597979
22,-132.70938995736148
23,-135.0
24,-163.3007557660064
25,-165.96375653207352
26,-172.23483398157467
27,-174.8055710922652
28,-177.51044707800085
29,177.51044707800085
30,175.2363583092738
31,153.434948822922
32,150.52411099675425
33,146.88865803962798
34,141.00900595749454
35,139.39870535499554
36,133.53119928561418
37,131.98721249581666
38,126.02737338510362
39,124.28687697720898
40,121.32869286780416
41,115.55996517182382
42,112.61986494804043
43,106.26020470831196
44,103.49573328079582
45,105.06848815949222
46,103.57043438516149
47,104.93141717813755
48,103.62699485989154
49,104.82647997035568
50,103.67130713219584
51,104.74356283647074
52,103.70696100407982
53,104.67639313745002
54,104.34933204294714
55,103.09189306434685
56,102.0947570770121
57,102.9946167919165
58,101.88865803962798
59,102.87500155961249
60,101.63363399894044
61,102.72435568542238
62,101.30993247402021
63,102.52880770915151
64,100.88552705465874
65,101.30993247402021
66,99.46232220802563
67,92.38594403038883
68,90.0
69,82.5685920288275
70,79.69515353123397
71,74.74488129694222
72,71.56505117707799
73,69.14554196042165
74,65.77225468204583
75,63.43494882292201
76,56.309932474020215
77,54.16234704572171
78,32.27564431457763
79,30.068582821862453
80,23.19859051364819
81,20.854458039578347
82,17.650124219930124
83,15.255118703057777
84,12.264773727892402
85,7.431407971172507
86,4.763641690726178
87,-14.036243467926479
88,-16.927513064147043
89,-21.370622269343183
90,-27.64597536373868
91,-29.74488129694222
92,-43.264295411071615
93,-45.0
94,-48.57633437499735
95,-50.527540151656176
96,-54.16234704572171
97,-60.94539590092286
98,-64.6538240580533
99,-69.77514056883192
100,-73.30075576600639
101,-74.05460409907715
102,-72.34987578006988
103,-74.35775354279127
104,-72.89727103094764
105,-74.57783868126133
106,-73.30075576600639
107,-75.17352002964434
108,-74.05460409907715
109,-75.25643716352927
110,-74.24882633654697
111,-75.32360686254998
