0,-85.13548556223948
1,-88.69804732742112
2,-88.66778014613037
3,-92.86240522611175
4,-92.93567344642118
5,-94.51398845800126
6,-94.63546342690265
7,-98.13010235415598
8,-98.3658861240326
9,-100.30484646876603
10,-100.95406264339833
11,-103.13402230639633
12,-103.57043438516149
13,-105.94539590092286
14,-107.10272896905236
15,-109.79887635452492
16,-112.24902365721238
17,-115.46334506187162
18,-120.46554491945989
19,-124.50852298766841
20,124.50852298766841
21,120.46554491945989
22,115.46334506187162
23,112.24902365721238
24,109.79887635452492
25,107.10272896905236
26,105.94539590092286
27,103.57043438516149
28,103.13402230639633
29,100.95406264339833
30,100.30484646876603
31,98.3658861240326
32,98.13010235415598
33,96.3401917459099
34,96.1701750950296
35,92.93567344642118
36,92.86240522611175
37,90.0
38,90.0
39,84.05313694602651
40,79.38034472384487
41,79.15969454566944
42,82.23483398157467
43,82.05652818940959
44,84.42780219603621
45,84.28940686250037
46,85.60129464500447
47,85.48601154199875
48,86.9059419410829
49,86.82016988013577
50,88.36342295838328
51,88.31531568210372
52,90.0
53,90.0
54,91.8476102659946
55,91.97493401088198
56,94.08561677997488
57,94.57392125990086
58,97.1250163489018
59,98.13010235415598
60,101.30993247402021
61,104.03624346792648
62,108.43494882292202
63,-109.6538240580533
64,-104.93141717813755
65,-101.30993247402021
66,-98.13010235415598
67,-97.1250163489018
68,-94.57392125990086
69,-94.08561677997488
70,-91.97493401088198
71,-91.8476102659946
72,-90.0
73,-90.0
74,-88.31531568210372
75,-88.36342295838328
76,-86.82016988013577
77,-86.9059419410829
78,-85.48601154199875
79,-85.60129464500447
80,-83.0470425318261
81,-83.21102542556122
82,-80.96051719664487
83,-81.15818543980832
84,-79.15969454566944
