0,-86.42366562500266
1,-88.15238973400541
2,-91.8476102659946
3,-93.81407483429037
4,-95.71059313749964
5,-97.85331330197822
6,-99.7824070318073
7,-118.61045966596521
8,-119.74488129694222
9,-123.02386755579664
10,-124.38034472384487
11,-127.87498365109822
12,-129.47245984834385
13,-133.1523897340054
14,-135.0
15,-138.81407483429035
16,-143.13010235415598
17,-147.0947570770121
18,-157.61986494804043
19,-161.565051177078
20,146.30993247402023
21,142.59464336859145
22,135.0
23,131.63353933657018
24,128.6598082540901
25,125.53767779197437
26,123.11134196037203
27,120.25643716352927
28,119.24882633654698
29,113.96248897457819
30,113.19859051364818
31,104.03624346792648
32,102.3390872783262
33,100.30484646876603
34,96.91122711902469
35,95.04245106917092
36,83.29016319224307
37,81.3843518158359
38,78.02386755579664
39,75.96375653207353
40,74.29136217098426
41,62.59242456218159
42,61.69924423399363
43,56.309932474020215
44,55.175510843043206
45,52.30575953331083
46,49.635463426902646
47,46.548157698977974
48,9.462322208025617
49,6.7098368077569335
50,0.0
51,-3.576334374997351
52,-7.125016348901798
53,-11.309932474020213
54,-14.931417178137554
55,-19.65382405805331
56,-23.19859051364819
57,-39.28940686250036
58,-41.98721249581666
59,-48.01278750418334
60,-51.34019174590991
61,-57.52880770915151
62,-84.8055710922652
63,-90.0
64,-101.30993247402021
65,-108.43494882292202
66,-113.96248897457819
67,-122.0053832080835
68,-126.86989764584402
69,-158.19859051364818
70,-155.55604521958347
71,-140.71059313749967
72,-135.0
73,-127.56859202882748
74,-122.7352262721076
75,-119.35775354279127
76,-115.20112364547508
77,-113.96248897457819
78,-106.69924423399362
79,-105.94539590092286
80,-97.1250163489018
81,-94.76364169072617
82,-90.0
83,-87.7974018382342
84,-85.76360520094116
85,-69.67686317033707
86,-67.06789956241022
87,-61.69924423399363
88,-59.03624346792648
89,-63.43494882292201
90,-64.98310652189998
91,-67.24902365721238
92,-70.4633450618716
93,-72.64597536373867
