0,-93.57633437499736
1,-95.52754015165618
2,-100.95406264339833
3,-105.42216131873867
4,-107.24145939893998
5,-120.25643716352927
6,-121.32869286780416
7,-124.28687697720898
8,-126.86989764584402
9,-130.10090754621226
10,-140.9061411137705
11,-141.34019174590992
12,-146.30993247402023
13,-147.2647737278924
14,-150.25511870305778
15,-158.19859051364818
16,-156.03751102542182
17,-159.44395478041653
18,-156.80140948635182
19,-161.565051177078
20,-170.53767779197437
21,180.0
22,180.0
23,173.6598082540901
24,174.28940686250036
25,158.19859051364818
26,154.9831065219
27,153.434948822922
28,147.9946167919165
29,147.0947570770121
30,130.36453657309735
31,127.30394827798344
32,124.8244891569568
33,119.24882633654698
34,118.30075576600638
35,106.18920625702695
36,104.4702941000659
37,100.30484646876603
38,95.1944289077348
39,93.3664606634298
40,81.63411387596742
41,79.69515353123397
42,76.37300514010846
43,74.29136217098426
44,72.64597536373867
45,68.19859051364818
46,66.5713071912546
47,61.82140989004083
48,60.94539590092286
49,55.7842978675626
50,54.68878656036681
51,51.95295746817391
52,50.71059313749964
53,47.862405226111754
54,27.758540601060023
55,26.56505117707799
56,23.962488974578186
57,22.380135051959574
58,19.44003482817619
59,4.763641690726178
60,5.194428907734806
61,0.0
62,0.0
63,-7.125016348901798
64,-14.036243467926479
65,-18.43494882292201
66,-16.69924423399362
67,-19.98310652189998
68,-18.43494882292201
69,-27.89727103094763
70,-32.9052429229879
71,-33.690067525979785
72,-48.01278750418334
73,-51.00900595749453
74,-52.30575953331083
75,-55.175510843043206
76,-56.309932474020215
77,-61.69924423399363
78,-62.59242456218159
79,-65.09523119190482
80,-66.80140948635182
81,-71.56505117707799
82,-73.30075576600639
83,-75.52970589993411
84,-79.04593735660167
85,-81.11934084947976
