0,-113.62937773065681
1,167.90524292298792
2,159.44395478041653
3,165.96375653207352
4,-135.0
5,-123.69006752597979
6,-104.03624346792648
7,-45.0
8,-30.96375653207352
9,-26.56505117707799
10,5.710593137499642
11,16.69924423399362
12,19.98310652189998
13,32.47119229084849
14,33.690067525979785
15,47.290610042638534
16,51.84277341263094
17,58.57043438516149
18,62.24145939893998
19,63.43494882292201
20,66.80140948635182
21,67.75097634278764
22,76.50426671920418
23,78.69006752597979
24,81.2538377374448
25,83.418055344822
26,85.76360520094116
27,98.42696902148067
28,100.88552705465874
29,105.06848815949222
30,107.74467162505692
31,109.79887635452492
32,128.29016319224309
33,128.99099404250546
34,125.31121343963319
35,112.47943439710312
36,110.77225468204583
37,108.43494882292202
38,106.69924423399362
39,104.4702941000659
40,100.95406264339833
41,98.88065915052024
42,84.64417495714481
43,82.64762064010765
44,79.04593735660167
45,76.86597769360368
46,75.06858282186245
47,72.75854060106002
48,70.97439396243132
49,55.175510843043206
50,53.97262661489639
51,51.00900595749453
52,48.179830119864235
53,45.0
54,12.528807709151511
55,10.007979801441337
56,6.7098368077569335
57,3.576334374997351
58,0.0
59,-3.8140748342903543
60,-7.594643368591445
61,-34.99202019855866
62,-37.874983651098205
63,-45.0
64,-53.13010235415598
65,-60.94539590092286
66,-96.3401917459099
67,-104.03624346792648
68,-116.56505117707799
69,-135.0
70,-139.39870535499554
71,-138.81407483429035
72,-107.10272896905236
73,-104.53445508054013
74,-59.34933204294713
75,-63.43494882292201
