0,-90.0
1,-92.2025981617658
2,-98.74616226255522
3,-101.30993247402021
4,-103.49573328079582
5,-106.26020470831196
6,-108.43494882292202
7,-111.37062226934319
8,-113.49856567595211
9,-116.56505117707799
10,-118.61045966596521
11,-128.29016319224309
12,-130.10090754621226
13,-131.63353933657018
14,-145.00797980144134
15,-146.97613244420336
16,-150.25511870305778
17,-152.35402463626133
18,-155.55604521958347
19,-157.75097634278765
20,-160.8209919741893
21,-167.7352262721076
22,-170.53767779197437
23,168.23171106797935
24,165.37912601136836
25,158.6293777306568
26,155.55604521958347
27,153.434948822922
28,150.25511870305778
29,148.2405199151872
30,145.00797980144134
31,143.13010235415598
32,117.5528115767178
33,115.55996517182382
34,112.61986494804043
35,110.55604521958347
36,107.74467162505692
37,105.64224645720874
38,102.9946167919165
39,100.88552705465874
40,98.42696902148067
41,49.573921259900864
42,47.38594403038881
43,87.70938995736148
44,90.0
45,97.1250163489018
46,99.86580694308438
47,104.62087398863166
48,107.65012421993013
49,109.98310652189998
50,116.56505117707799
51,118.81079374297306
52,140.52754015165618
53,142.59464336859145
54,146.30993247402023
55,148.5704343851615
56,152.24145939893998
57,154.65382405805332
58,158.19859051364818
59,163.3007557660064
60,166.6075022462489
61,171.86989764584402
62,174.28940686250036
63,5.194428907734806
64,2.489552921999156
65,-2.489552921999156
66,-177.13759477388825
67,-174.5596679689945
68,-169.21570213243743
69,-165.96375653207352
70,-160.70995378081125
71,-157.16634582208246
72,-152.24145939893998
73,-144.78240703180728
74,-142.59464336859145
75,-120.06858282186246
76,-117.75854060106003
77,-110.85445803957835
78,-108.43494882292202
79,-105.25511870305779
80,-102.80426606528675
81,-99.86580694308438
82,-92.48955292199916
83,-90.0
84,-47.48955292199916
85,-47.38594403038881
86,-49.573921259900864
