0,-52.73359809902286
1,-52.9269266826896
2,-52.30575953331083
3,-52.49585763972986
4,-51.84277341263094
5,-52.028396238949604
6,-51.34019174590991
7,-51.519801751656985
8,-50.792796495032164
9,-50.96448710125312
10,-50.19442890773481
11,-50.355825042855194
12,-49.53777250790665
13,-49.6858998395027
14,-48.81407483429036
15,-48.94518622903756
16,-48.01278750418334
17,-48.12213046211571
18,-46.08092418666069
19,-46.12330271407543
20,-45.0
21,-45.0
22,-43.78112476486871
23,-43.72696997994329
24,-42.397437797500196
25,-42.27368900609374
26,-40.81508387488159
27,-40.60129464500447
28,-38.99099404250548
29,-38.65980825409009
30,-36.86989764584402
31,-36.384351815835885
32,-34.38034472384487
33,-33.690067525979785
34,-31.429565614838516
35,-30.46554491945988
36,-27.89727103094763
37,-26.56505117707799
38,-23.629377730656817
39,-21.80140948635181
40,-18.43494882292201
41,-15.945395900922854
42,-8.13010235415598
43,-4.398705354995532
44,0.0
45,4.763641690726178
46,9.462322208025617
47,15.255118703057777
48,19.98310652189998
49,26.56505117707799
50,30.96375653207352
51,37.874983651098205
52,41.6335393365702
53,48.366460663429805
54,51.34019174590991
55,57.52880770915151
56,59.743562836470744
57,65.22485943116808
58,66.80140948635182
59,71.56505117707799
60,72.64597536373867
61,76.7594800848128
62,77.47119229084849
63,81.02737338510362
64,81.46923439005187
65,84.55966796899449
66,84.8055710922652
67,87.51044707800085
68,87.70938995736148
69,90.0
70,90.0
71,92.04540848888723
72,91.97493401088198
73,93.81407483429037
74,93.69138598645128
75,95.35582504285519
76,95.1944289077348
77,96.70983680775694
78,96.519801751657
79,97.90716270295846
80,97.69605172201658
81,100.17551084304321
82,101.88865803962798
83,102.2004687273808
84,104.03624346792648
85,104.42077312751098
86,106.38954033403479
87,106.85839876773828
88,108.97040780848656
89,109.5366549381284
90,111.80140948635182
91,113.19859051364818
92,115.70995378081126
93,116.56505117707799
94,119.24882633654698
95,120.25643716352927
96,123.11134196037203
97,124.28687697720898
98,127.30394827798344
99,128.6598082540901
100,131.82016988013575
101,135.0
102,138.3664606634298
103,140.19442890773482
104,143.61564818416412
105,145.61965527615513
106,149.03624346792648
107,151.18920625702694
108,154.5366549381284
109,156.80140948635182
110,160.01689347810003
111,164.74488129694222
112,167.7352262721076
113,170.13419305691565
114,172.8749836510982
115,175.2363583092738
116,177.70938995736148
117,177.87890360333856
118,172.40535663140858
119,172.64762064010765
120,168.36636600105956
121,168.6900675259798
122,167.47119229084848
123,164.47588900324575
124,166.75948008481282
125,166.3730051401085
126,169.04593735660166
127,168.6900675259798
128,166.4295656148385
129,164.57783868126134
130,162.18111108547723
131,160.3461759419467
132,157.83365417791757
133,156.03751102542182
134,153.434948822922
135,151.69924423399362
136,149.03624346792648
137,145.7842978675626
138,143.13010235415598
139,141.63251461513846
140,138.9909130984298
141,137.6025622024998
142,135.0
143,133.7269699799433
144,131.18592516570965
145,128.92754359279232
146,126.52885536698517
147,125.53767779197437
148,123.23171106797936
149,122.34744349944204
150,120.14138555207535
151,119.35775354279127
152,117.25532837494308
153,116.56505117707799
154,114.56717132060132
155,113.38522105721376
156,111.54097591853845
157,111.03751102542182
158,109.29004621918874
159,108.8531587644191
160,107.19854122006586
161,106.82140989004083
162,105.25511870305779
163,104.93141717813755
164,103.44861505168652
165,103.17255342332689
166,101.76828893202065
167,101.53462065364472
168,99.27260177720031
169,98.29714496983688
170,98.47114463301483
171,97.4314079711725
172,97.59464336859145
173,96.48307369289724
174,96.63251461513848
175,95.44033203100551
176,95.5721978039638
177,94.28915332881903
178,94.39870535499554
179,93.01278750418334
180,93.09405805891711
181,91.59114027119459
182,91.6846843178963
183,90.0
184,90.0
185,88.15238973400541
186,88.09084756700362
187,86.05481377096244
188,85.91438322002513
189,83.6598082540901
190,83.418055344822
191,80.90972307917768
192,80.53767779197439
193,77.7352262721076
194,77.19573393471325
195,74.05460409907715
196,73.30075576600639
197,69.77514056883192
198,68.74949449286676
199,64.79887635452492
200,63.43494882292201
201,59.03624346792648
202,57.264773727892404
203,52.43140797117251
204,50.19442890773481
205,45.0
206,42.27368900609374
207,36.86989764584402
208,30.256437163529263
209,24.77514056883192
210,21.037511025421818
211,15.945395900922854
212,12.094757077012101
213,7.594643368591445
214,3.8140748342903543
215,0.0
216,-3.576334374997351
217,-6.7098368077569335
218,-10.007979801441337
219,-12.528807709151511
220,-15.524110996754258
221,-17.52556837372287
222,-20.224859431168078
223,-21.80140948635181
224,-24.22774531795417
225,-25.463345061871614
226,-27.64597536373868
227,-28.61045966596522
228,-30.579226872489016
229,-31.328692867804172
230,-33.11134196037203
231,-33.690067525979785
232,-35.3112134396332
233,-35.75388725443675
234,-37.23483398157467
235,-37.568592028827496
236,-40.23635830927382
237,-40.426078740099136
238,-41.6335393365702
239,-41.76029970389787
240,-42.87890360333855
241,-42.954591511112774
242,-43.99491399474582
243,-44.028978068920836
244,-45.0
245,-45.0
246,-45.90938044919914
247,-45.88140399658214
248,-46.73570458892839
249,-46.68468431789629
250,-47.48955292199916
251,-47.41950921665634
252,-48.179830119864235
253,-48.09405805891711
254,-48.81407483429036
255,-48.71528910542877
256,-49.398705354995535
257,-49.28915332881902
258,-51.1886159632416
