0,-128.23382517744693
1,-127.99873244250468
2,-128.8844964337146
3,-128.15722658736905
4,-129.17365797044425
5,-128.6598082540901
6,-129.8055710922652
7,-128.99099404250546
8,-130.36453657309735
9,-129.47245984834385
10,-131.18592516570965
11,-130.6012946450045
12,-132.70938995736148
13,-131.98721249581666
14,-135.0
15,-135.0
16,-140.19442890773482
17,-143.13010235415598
18,-165.96375653207352
19,180.0
20,168.6900675259798
21,156.80140948635182
22,150.25511870305778
23,145.00797980144134
24,141.34019174590992
25,140.19442890773482
26,137.48955292199918
27,137.12109639666144
28,135.0
29,135.0
30,133.26429541107163
31,133.45184230102205
32,131.98721249581666
33,132.3974377975002
34,131.18592516570965
35,131.49646835521557
36,130.42607874009914
37,130.76360520094119
38,129.8055710922652
39,130.15599962491933
40,129.28940686250036
41,121.21840276434638
42,120.14138555207535
43,120.96375653207352
44,119.74488129694222
45,120.65066795705286
46,119.24882633654698
47,120.25643716352927
48,118.61045966596521
49,119.74488129694222
50,117.75854060106003
51,119.05460409907714
52,116.56505117707799
53,118.07248693585296
54,114.77514056883193
55,116.56505117707799
56,111.80140948635182
57,113.96248897457819
58,105.94539590092286
59,108.43494882292202
60,90.0
61,71.56505117707799
62,74.05460409907715
63,63.43494882292201
64,65.55604521958347
65,61.69924423399363
66,63.43494882292201
67,60.64224645720873
68,62.10272896905237
69,59.93141717813756
70,61.189206257026946
71,59.42077312751099
72,60.52411099675425
73,59.03624346792648
74,60.01836063115067
75,58.73626830562258
76,59.62087398863166
77,57.9946167919165
78,58.781597235653635
79,49.6858998395027
80,48.81407483429036
81,48.94518622903756
82,48.01278750418334
83,48.366460663429805
84,47.290610042638534
85,47.60256220249981
86,46.33221985386964
87,46.46880071438583
88,45.0
89,45.0
90,43.15238973400541
91,42.87890360333855
92,40.60129464500447
93,39.28940686250036
94,36.02737338510361
95,32.005383208083494
96,26.56505117707799
97,18.43494882292201
98,9.462322208025617
99,-14.036243467926479
100,-36.86989764584402
101,-39.80557109226519
102,-45.0
103,-45.0
104,-48.366460663429805
105,-47.72631099390627
106,-50.19442890773481
107,-49.08561677997488
108,-50.906141113770495
109,-50.19442890773481
110,-51.70983680775693
111,-51.00900595749453
112,-52.30575953331083
113,-51.63251461513847
114,-52.76516601842533
115,-51.84277341263094
116,-52.815293546766874
117,-52.25319461272534
118,-53.13010235415598
119,-52.85331330197822
120,-62.74467162505693
121,-63.43494882292201
122,-62.7004277886672
123,-64.23067237566129
124,-63.43494882292201
125,-65.22485943116808
126,-64.35899417569472
127,-66.5014343240479
128,-65.55604521958347
129,-68.19859051364818
130,-67.16634582208245
131,-70.5599651718238
132,-69.44395478041653
133,-74.05460409907715
134,-72.89727103094764
135,-79.69515353123397
136,-78.69006752597979
137,-90.0
138,-101.30993247402021
139,-100.30484646876603
140,-107.10272896905236
141,-105.94539590092286
142,-110.55604521958347
143,-109.4400348281762
144,-114.22774531795417
145,-113.19859051364818
146,-115.55996517182382
147,-114.62356478616361
148,-116.56505117707799
149,-115.70995378081126
150,-117.34987578006988
151,-116.56505117707799
152,-118.61045966596521
