0,-79.99202019855866
1,-81.86989764584403
2,-81.70285503016314
3,-83.79655209830817
4,-83.51692630710276
5,-84.68545433005525
6,-84.42780219603621
7,-85.71084667118099
8,-85.48601154199875
9,-86.9059419410829
10,-86.30861401354873
11,-88.09084756700362
12,-87.61405596961119
13,-90.0
14,-90.0
15,-93.81407483429037
16,-97.1250163489018
17,-105.94539590092286
18,135.0
19,135.0
20,102.0947570770121
21,104.93141717813755
22,98.13010235415598
23,99.7824070318073
24,97.69605172201658
25,98.9726266148964
26,98.32565033042684
27,99.46232220802563
28,99.03948280335513
29,100.08059798754232
30,99.86580694308438
31,100.84030545433056
32,100.61965527615514
33,102.40741852740075
34,103.49573328079582
35,104.30027744918559
36,109.4400348281762
37,110.80679101271124
38,112.7824057304817
39,114.17910714668918
40,113.62937773065681
41,112.61986494804043
42,112.01128319791937
43,113.83874018317172
44,117.12130340415867
45,119.29136217098426
46,119.74488129694222
47,120.76271953423893
48,117.51200262385144
49,114.7024302277713
50,113.74949449286676
51,112.38013505195958
52,111.41296947487176
53,110.07152586453873
54,102.9946167919165
55,102.17145820858748
56,101.09372301155786
57,100.20397372173169
58,99.09027692082232
59,94.96974072811031
60,95.07960786001456
61,93.9004937423819
62,93.99091309842979
63,92.72631099390628
64,92.79270236571328
65,91.43209618416465
66,91.50743575877497
67,90.0
68,90.0
69,88.26429541107161
70,87.87890360333854
71,85.60129464500447
72,84.28940686250037
73,81.02737338510362
74,75.96375653207353
75,70.01689347810003
76,36.86989764584402
77,21.80140948635181
78,-54.46232220802562
79,-53.13010235415598
80,-73.30075576600639
81,-71.56505117707799
82,-78.02386755579664
83,-76.7594800848128
84,-78.95905981967627
85,-77.9052429229879
86,-78.69006752597979
87,-77.7352262721076
88,-78.23171106797936
89,-77.34744349944204
90,-77.59258147259925
91,-76.7594800848128
