0,-105.94539590092286
1,-135.0
2,-149.03624346792648
3,-168.6900675259798
4,180.0
5,161.565051177078
6,156.80140948635182
7,150.25511870305778
8,147.9946167919165
9,143.13010235415598
10,142.12501634890182
11,138.3664606634298
12,137.29061004263855
13,135.0
14,135.0
15,131.42366562500266
16,131.63353933657018
17,121.60750224624891
18,119.05460409907714
19,117.34987578006988
20,115.01689347810004
21,114.30454926593673
22,105.94539590092286
23,104.42077312751098
24,102.52880770915151
25,99.46232220802563
26,97.69605172201658
27,83.8298249049704
28,82.09283729704154
29,77.47119229084849
30,75.57922687248902
31,72.5528115767178
32,70.5599651718238
33,69.07549825507883
34,67.01128319791937
35,65.55604521958347
36,62.65012421993013
37,63.43494882292201
38,62.59242456218159
39,65.09523119190482
40,66.80140948635182
41,69.22774531795417
42,70.97439396243132
43,73.30075576600639
44,75.06858282186245
45,77.27564431457763
46,82.64762064010765
47,84.64417495714481
48,97.1250163489018
49,99.16234704572172
50,100.95406264339833
51,107.81888891452277
52,109.79887635452492
53,112.61986494804043
54,115.46334506187162
55,114.22774531795417
56,117.89727103094764
57,115.01689347810004
58,116.56505117707799
59,109.98310652189998
60,111.80140948635182
61,108.43494882292202
62,110.55604521958347
63,105.94539590092286
64,111.80140948635182
65,104.03624346792648
66,108.43494882292202
67,90.0
68,-90.0
69,-71.56505117707799
70,-85.91438322002513
