0,-84.55966796899449
1,-87.13759477388825
2,-92.86240522611175
3,-96.00900595749452
4,-98.9726266148964
5,-110.55604521958347
6,-113.62937773065681
7,-118.07248693585296
8,-119.74488129694222
9,-129.8055710922652
10,-132.27368900609375
11,-137.72631099390625
12,-140.71059313749967
13,-146.30993247402023
14,-153.434948822922
15,-158.96248897457818
16,155.22485943116808
17,149.74356283647072
18,140.19442890773482
19,135.0
20,132.51044707800085
21,122.7352262721076
22,120.96375653207352
23,108.43494882292202
24,105.52411099675426
25,98.53076560994813
26,95.71059313749964
27,92.72631099390628
28,87.27368900609373
29,84.8055710922652
30,67.75097634278764
31,64.5366549381284
32,60.25511870305778
33,56.97613244420336
34,55.00797980144134
35,51.70983680775693
36,49.899092453787766
37,33.690067525979785
38,31.759480084812793
39,28.61045966596522
40,26.56505117707799
41,23.498565675952097
42,21.370622269343183
43,18.43494882292201
44,7.125016348901798
45,4.573921259900861
46,-2.2906100426385296
47,-4.763641690726178
48,-14.036243467926479
49,-16.927513064147043
50,-21.370622269343183
51,-24.443954780416536
52,-26.56505117707799
53,-33.02386755579665
54,-34.99202019855866
55,-48.366460663429805
56,-50.19442890773481
57,-53.615648184164115
58,-55.619655276155136
59,-59.03624346792648
60,-63.43494882292201
61,-66.80140948635182
