0,-81.52885536698517
1,-82.5685920288275
2,-85.0302592718897
3,-87.39743779750019
4,-88.69804732742112
5,-92.79270236571328
6,-92.86240522611175
7,-94.39870535499554
8,-106.69924423399362
9,-113.96248897457819
10,-119.74488129694222
11,-167.47119229084848
12,-168.6900675259798
13,-174.8055710922652
14,-175.91438322002512
15,180.0
16,180.0
17,176.42366562500266
18,175.6012946450045
19,170.53767779197437
20,168.6900675259798
21,161.565051177078
22,159.44395478041653
23,129.8055710922652
24,125.53767779197437
25,116.56505117707799
26,113.96248897457819
27,106.69924423399362
28,94.39870535499554
29,92.86240522611175
30,92.79270236571328
31,87.4551956201869
32,86.18592516570965
33,85.0302592718897
34,82.5685920288275
35,81.52885536698517
36,79.15969454566944
37,78.23171106797936
38,71.56505117707799
39,71.20011484134736
40,74.53878225955809
41,75.37912601136834
42,77.7352262721076
43,78.69006752597979
44,79.91940201245768
45,85.71084667118099
46,85.48601154199875
47,86.9059419410829
48,75.96375653207353
49,153.434948822922
50,161.565051177078
51,180.0
52,-171.86989764584402
53,-170.53767779197437
54,-158.19859051364818
55,-153.434948822922
56,-135.0
57,-123.69006752597979
58,-80.53767779197439
59,-81.86989764584403
60,-75.96375653207353
61,-86.82016988013577
62,-85.36453657309735
63,-85.60129464500447
64,-84.28940686250037
65,-84.42780219603621
66,-79.91940201245768
67,-78.69006752597979
68,-77.7352262721076
69,-74.21924669048461
70,-73.4126614430726
71,-71.20011484134736
