0,-91.78991060824607
1,-93.69138598645128
2,-97.35237935989237
3,-99.46232220802563
4,-101.30993247402021
5,-103.57043438516149
6,-105.42216131873867
7,-118.44292862436335
8,-119.47588900324574
9,-122.47119229084849
10,-121.75948008481281
11,-123.02386755579664
12,-122.27564431457762
13,-123.69006752597979
14,-121.42956561483851
15,-117.75854060106003
16,-116.56505117707799
17,-101.30993247402021
18,-99.09027692082232
19,-96.58194465517802
20,-94.39870535499554
21,-92.12109639666146
22,-77.47119229084849
23,-74.9315118405078
24,-72.89727103094764
25,-64.4400348281762
26,-63.43494882292201
27,-60.25511870305778
28,-47.290610042638534
29,-47.48955292199916
30,-45.0
31,-45.0
32,-68.19859051364818
33,-75.96375653207353
34,-135.0
35,165.96375653207352
36,11.309932474020213
37,18.43494882292201
38,14.036243467926479
39,26.56505117707799
40,30.256437163529263
41,31.6075022462489
42,34.69515353123397
43,35.53767779197438
44,55.00797980144134
45,58.240519915187214
46,60.52411099675425
47,74.05460409907715
48,77.9052429229879
49,80.21759296819272
50,91.97493401088198
51,94.08561677997488
52,98.13010235415598
53,100.4914770123316
54,102.52880770915151
55,105.06848815949222
56,107.10272896905236
57,112.61986494804043
58,114.62356478616361
59,120.57922687248902
60,121.75948008481281
61,124.99202019855868
62,125.53767779197437
63,120.96375653207352
64,108.43494882292202
65,106.69924423399362
66,102.3390872783262
67,98.88065915052024
68,96.91122711902469
69,93.46822925891715
70,91.6846843178963
71,78.36636600105956
72,76.37300514010846
73,73.14160123226172
74,71.02959219151346
75,69.44395478041653
76,64.98310652189998
77,63.43494882292201
78,58.73626830562258
79,57.804266065286754
80,52.76516601842533
81,51.63251461513847
82,48.99091309842978
83,47.72631099390627
84,45.0
85,25.463345061871614
86,24.22774531795417
87,21.80140948635181
88,20.224859431168078
89,17.52556837372287
90,4.085616779974877
91,4.398705354995532
92,0.0
93,0.0
94,-5.710593137499642
95,-11.309932474020213
96,-18.43494882292201
97,-17.102728969052375
98,-21.80140948635181
99,-25.016893478100023
100,-27.89727103094763
101,-30.46554491945988
102,-31.429565614838516
103,-35.83765295427829
104,-36.384351815835885
105,-47.862405226111754
106,-50.71059313749964
107,-51.95295746817391
108,-54.68878656036681
109,-55.7842978675626
110,-68.19859051364818
111,-69.86369657175187
112,-72.12130340415867
113,-75.52970589993411
114,-77.66091272167381
