0,-80.53767779197439
1,-80.21759296819272
2,-81.86989764584403
3,-81.57303097851933
4,-85.42607874009914
5,-85.23635830927383
6,-87.51044707800085
7,-87.39743779750019
8,-90.0
9,-90.0
10,-93.01278750418334
11,-93.17983011986423
12,-100.61965527615514
13,-101.30993247402021
14,-105.94539590092286
15,-107.10272896905236
16,-112.61986494804043
17,-114.44395478041653
18,-127.87498365109822
19,-131.18592516570965
20,-138.81407483429035
21,-143.13010235415598
22,-150.94539590092285
23,-156.03751102542182
24,-163.3007557660064
25,-168.6900675259798
26,180.0
27,175.2363583092738
28,171.2538377374448
29,167.0053832080835
30,164.05460409907712
31,160.3461759419467
32,156.3706222693432
33,153.434948822922
34,152.10272896905238
35,136.7357045889284
36,72.64597536373867
37,70.5599651718238
38,79.38034472384487
39,67.89055165624833
40,52.59464336859145
41,48.81407483429036
42,37.30394827798343
43,27.64597536373868
44,38.15722658736906
45,37.568592028827496
46,-66.5713071912546
