0,-93.57633437499736
1,-95.52754015165618
2,-99.16234704572172
3,-101.30993247402021
4,-103.13402230639633
5,-115.64100582430528
6,-116.56505117707799
7,-122.47119229084849
8,-124.99202019855868
9,-128.29016319224309
10,-131.42366562500266
11,-135.0
12,-143.13010235415598
13,-147.0947570770121
14,142.59464336859145
15,138.81407483429035
16,131.63353933657018
17,128.29016319224309
18,125.53767779197437
19,122.47119229084849
20,120.25643716352927
21,117.47443162627712
22,116.56505117707799
23,102.3390872783262
24,100.61965527615514
25,98.61564818416412
26,95.1944289077348
27,93.3664606634298
28,81.63411387596742
29,79.69515353123397
30,78.02386755579664
31,75.96375653207353
32,74.29136217098426
33,72.12130340415867
34,70.4633450618716
35,63.43494882292201
36,62.59242456218159
37,57.38075692880717
38,55.175510843043206
39,52.30575953331083
40,49.635463426902646
41,46.548157698977974
42,41.6335393365702
43,38.29016319224307
44,-34.38034472384487
45,-37.874983651098205
46,-43.36342295838329
47,-46.63657704161672
48,-49.635463426902646
49,-52.69605172201657
50,-53.97262661489639
51,-56.88865803962798
52,-57.9946167919165
53,-60.751173663453024
54,-61.69924423399363
55,-69.22774531795417
56,-70.97439396243132
57,-73.30075576600639
58,-75.06858282186245
59,-77.27564431457763
60,-79.04593735660167
61,-81.11934084947976
