0,-127.14668669802178
1,-130.76360520094119
2,-130.6012946450045
3,-132.70938995736148
4,-132.6140559696112
5,-133.7811247648687
6,-133.7269699799433
7,-136.33221985386965
8,-136.39718102729637
9,-139.39870535499554
10,-139.63546342690265
11,-141.34019174590992
12,-141.70983680775691
13,-145.61965527615513
14,-146.30993247402023
15,-148.5704343851615
16,-149.53445508054014
17,-154.79887635452494
18,-156.3706222693432
19,-162.6459753637387
20,-165.06858282186246
21,-168.6900675259798
22,-171.86989764584402
23,180.0
24,175.6012946450045
25,167.0053832080835
26,161.565051177078
27,157.38013505195957
28,151.3895403340348
29,143.9726266148964
30,138.01278750418336
31,135.0
32,129.28940686250036
33,124.69515353123397
34,119.74488129694222
35,116.56505117707799
36,112.38013505195958
37,111.25050550713325
38,107.52556837372288
39,105.94539590092286
40,102.80426606528675
41,102.2647737278924
42,99.46232220802563
43,98.74616226255522
44,96.3401917459099
45,95.9061411137705
46,93.81407483429037
47,93.69138598645128
48,91.78991060824607
49,91.73570458892839
50,86.53177074108285
51,86.42366562500266
52,84.47245984834383
53,84.0938588862295
54,81.86989764584403
55,81.57303097851933
56,79.11447294534128
57,78.23171106797936
58,75.37912601136834
59,74.05460409907715
60,70.70995378081128
61,69.77514056883192
62,66.03751102542182
63,63.43494882292201
64,59.03624346792648
65,55.30484646876604
66,50.19442890773481
67,47.72631099390627
68,42.27368900609374
69,36.02737338510361
70,30.256437163529263
71,26.56505117707799
72,21.037511025421818
73,12.994616791916505
74,8.13010235415598
75,0.0
76,-3.8140748342903543
77,-7.594643368591445
78,-10.619655276155134
79,-17.35402463626132
80,-19.44003482817619
81,-22.380135051959574
82,-23.962488974578186
83,-29.054604099077146
84,-30.068582821862453
85,-34.38034472384487
86,-34.99202019855866
87,-36.86989764584402
88,-37.30394827798343
89,-40.60129464500447
90,-40.81508387488159
91,-42.27368900609374
92,-42.397437797500196
93,-45.0
94,-45.0
95,-47.290610042638534
96,-47.202598161765806
97,-48.239700296102136
98,-48.12213046211571
99,-51.76617482255306
100,-53.97262661489639
101,-53.13010235415598
102,-53.42696902148067
103,-52.52382043863863
104,-52.815293546766874
105,-50.826342029555775
106,-51.0724564072077
107,-49.9697407281103
108,-50.19442890773481
109,-47.72631099390627
110,-47.862405226111754
111,-45.0
112,-45.0
113,-43.36342295838329
114,-43.264295411071615
115,-39.472459848343824
116,-39.0938588862295
117,-36.86989764584402
118,-36.25383773744479
119,-141.84277341263095
120,-141.34019174590992
121,-139.08561677997488
122,-138.81407483429035
123,-136.8476102659946
124,-136.7357045889284
125,-133.36342295838327
126,-133.45184230102205
127,-131.98721249581666
128,-132.13759477388825
129,-129.5596679689945
130,-129.8055710922652
131,-127.56859202882748
132,-127.87498365109822
133,-126.86989764584402
134,-127.18470645323312
135,-125.36246188706906
136,-125.70669140060288
137,-124.87532834460218
