0,-64.23067237566129
1,-8.13010235415598
2,-4.398705354995532
3,-4.763641690726178
4,-16.69924423399362
5,-18.43494882292201
6,-26.56505117707799
7,-38.65980825409009
8,-51.34019174590991
9,-111.80140948635182
10,-126.86989764584402
11,-141.34019174590992
12,-164.05460409907712
13,-165.96375653207352
14,-173.6598082540901
15,180.0
16,169.69515353123398
17,164.74488129694222
18,161.565051177078
19,157.38013505195957
20,155.22485943116808
21,151.69924423399362
22,150.25511870305778
23,119.24882633654698
24,116.56505117707799
25,114.90476880809518
26,112.47943439710312
27,111.80140948635182
28,107.35402463626133
29,106.85839876773828
30,102.87500155961249
31,101.30993247402021
32,97.69605172201658
33,96.1701750950296
34,94.51398845800126
35,83.99099404250548
36,82.30394827798344
37,79.28687697720896
38,77.47119229084849
39,75.96375653207353
40,72.07208023799276
41,70.5599651718238
42,68.4985656759521
43,67.61986494804043
44,69.27444113443946
45,61.606980578617005
46,-55.40771131249006
