0,-95.52754015165618
1,-95.71059313749964
2,-97.85331330197822
3,-98.13010235415598
4,-100.4914770123316
5,-101.30993247402021
6,-104.03624346792648
7,-105.25511870305779
8,-108.43494882292202
9,-110.22485943116808
10,-113.96248897457819
11,-116.56505117707799
12,-120.96375653207352
13,-124.69515353123397
14,-129.8055710922652
15,-132.27368900609375
16,-137.72631099390625
17,-143.9726266148964
18,-149.74356283647072
19,-157.38013505195957
20,-162.89727103094762
21,-171.2538377374448
22,-175.91438322002512
23,175.91438322002512
24,172.40535663140858
25,165.06858282186246
26,162.6459753637387
27,156.3706222693432
28,154.79887635452494
29,152.10272896905238
30,150.94539590092285
31,146.30993247402023
32,145.61965527615513
33,141.70983680775691
34,141.34019174590992
35,138.01278750418336
36,137.86240522611175
37,135.0
38,135.0
39,132.51044707800085
40,132.6140559696112
41,131.49646835521557
42,131.63353933657018
43,129.6106882400266
44,129.8055710922652
45,127.99873244250468
46,128.23382517744693
47,126.6070748126075
48,119.74488129694222
49,120.46554491945989
50,119.9315118405078
51,121.5042667192042
52,120.96375653207352
53,122.7352262721076
54,122.19573393471325
55,124.21570213243739
56,123.69006752597979
57,124.8244891569568
58,124.28687697720898
59,126.86989764584402
60,126.3843518158359
61,129.47245984834385
62,128.6598082540901
63,51.34019174590991
64,50.527540151656176
65,52.1250163489018
66,51.70983680775693
67,54.46232220802562
68,53.97262661489639
69,56.309932474020215
70,55.7842978675626
71,57.804266065286754
72,57.264773727892404
73,58.172553423326896
74,57.652556500557964
75,59.30027744918559
76,58.781597235653635
77,60.25511870305778
78,52.35237935989236
79,49.84400037508068
80,50.01311375503581
81,48.12213046211571
82,48.239700296102136
83,46.12330271407543
84,46.16913932790742
85,45.0
86,45.0
87,42.397437797500196
88,42.27368900609374
89,39.28940686250036
90,38.99099404250548
91,35.53767779197438
92,34.99202019855866
93,30.96375653207352
94,30.068582821862453
95,25.34617594194669
96,23.962488974578186
97,18.43494882292201
98,16.389540334034784
99,13.240519915187205
100,10.619655276155134
101,3.576334374997351
102,0.0
103,-7.594643368591445
104,-12.094757077012101
105,-19.65382405805331
106,-24.77514056883192
107,-31.6075022462489
108,-36.86989764584402
109,-42.510447078000844
110,-47.48955292199916
111,-49.76364169072618
112,-54.46232220802562
113,-57.9946167919165
114,-62.10272896905237
115,-64.6538240580533
116,-68.19859051364818
117,-70.01689347810003
118,-73.07248693585295
119,-74.35775354279127
120,-77.0053832080835
121,-77.9052429229879
122,-80.21759296819272
123,-80.8376529542783
