0,-133.1523897340054
1,-135.6437457141754
2,-135.6902771978651
3,-136.39718102729637
4,-136.46880071438582
5,-137.23117460803127
6,-137.41950921665634
7,-138.27048792318357
8,-138.57633437499737
9,-139.53777250790665
10,-139.8440003750807
11,-140.9061411137705
12,-141.581944655178
13,-142.81529354676687
14,-143.8418145601917
15,-145.30484646876604
16,-146.30993247402023
17,-147.9946167919165
18,-150.25511870305778
19,-152.35402463626133
20,-156.03751102542182
21,-158.74949449286677
22,-162.6459753637387
23,-165.96375653207352
24,-175.6012946450045
25,180.0
26,169.69515353123398
27,160.01689347810003
28,157.38013505195957
29,153.434948822922
30,147.9946167919165
31,145.4914770123316
32,142.6960517220166
33,141.00900595749454
34,139.9697407281103
35,138.65222278030632
36,138.12213046211573
37,137.04540848888723
38,136.78991060824606
39,135.88140399658215
40,135.78482460299188
41,135.0
42,135.0
43,134.30972280213493
44,134.37040139158972
45,133.1523897340054
46,52.37376636133021
47,51.1886159632416
48,49.82076607809266
49,48.53229458389089
50,47.12109639666146
51,45.725224299059256
52,44.27477570094075
53,42.76882539196875
54,41.28471089457123
55,39.66784111834045
56,38.15722658736906
57,36.430858120162355
58,34.902495615924714
59,33.07067782276167
60,31.534791905188296
61,29.60445074600491
62,30.173520029644333
63,31.159304508344384
64,32.7352262721076
65,33.690067525979785
66,36.86989764584402
67,37.77568430595466
68,45.80692945510238
69,46.63657704161672
70,49.899092453787766
71,50.792796495032164
72,52.43140797117251
73,53.36588612403259
74,55.00797980144134
75,55.98065001017354
76,57.61932229343077
77,59.65675111576043
78,61.29404745659892
79,65.65891006330749
80,67.28558764683277
81,76.90810693565317
82,78.43986920578224
83,130.0607844578738
84,131.4677054161091
85,131.37851529588266
86,132.06432655357884
87,131.72951207681643
88,132.51044707800085
89,132.1844433157888
90,133.09084756700364
91,132.7974018382342
92,133.87669728592456
93,133.66778014613035
94,135.0
95,135.0
96,136.7357045889284
97,137.48955292199918
98,140.19442890773482
99,143.13010235415598
100,147.9946167919165
101,165.96375653207352
102,-165.96375653207352
103,-150.25511870305778
104,-144.46232220802563
105,-141.34019174590992
106,-138.01278750418336
107,-137.48955292199918
108,-135.0
109,-135.0
110,-133.1523897340054
111,-133.45184230102205
112,-131.98721249581666
113,-132.27368900609375
114,-131.0090869015702
115,-131.49646835521557
116,-130.42607874009914
117,-130.91438322002512
118,-129.98688624496418
119,-130.3141001604973
120,-129.47245984834385
121,-129.9575489308291
122,-129.20720350496785
123,-129.66784111834045
124,-128.99099404250546
125,-129.28940686250036
126,-127.87498365109822
127,-72.71850162818336
128,-71.17528998175993
129,-65.55604521958347
130,-63.97040780848655
131,-60.832386620422206
132,-59.23728046576109
133,-58.240519915187214
134,-56.63363399894044
135,-54.727578551401606
136,-53.13010235415598
137,-52.224315694045345
138,-49.028263666485145
139,-48.179830119864235
140,-37.09283729704154
141,-36.1932073055647
142,-34.62415507994895
143,-33.690067525979785
144,-32.12499844038752
145,-31.159304508344384
146,-30.579226872489016
147,-32.47119229084849
148,-33.996459148250494
149,-35.78897345918333
150,-37.30394827798343
151,-38.99099404250548
152,-40.48601154199874
153,-42.06432655357883
154,-43.53119928561418
155,-44.27477570094075
156,-45.725224299059256
157,-47.12109639666146
158,-48.53229458389089
159,-49.82076607809266
160,-51.1886159632416
161,-52.37376636133021
