0,-123.69006752597979
1,123.69006752597979
2,115.86635679409451
3,-122.61924307119284
4,-119.98163936884934
5,-119.24882633654698
6,-121.32869286780416
7,-120.57922687248902
8,-121.75948008481281
9,-120.96375653207352
10,-122.27564431457762
11,-121.42956561483851
12,-122.90524292298791
13,-122.0053832080835
14,-123.69006752597979
15,-122.7352262721076
16,-124.69515353123397
17,-123.69006752597979
18,-128.6598082540901
19,-127.87498365109822
20,-131.18592516570965
21,-130.6012946450045
22,-135.0
23,-135.0
24,-141.34019174590992
25,-143.13010235415598
26,-153.434948822922
27,-161.565051177078
28,180.0
29,153.434948822922
30,123.69006752597979
31,104.03624346792648
32,101.30993247402021
33,90.0
34,90.0
35,82.8749836510982
36,83.6598082540901
37,78.69006752597979
38,79.69515353123397
39,75.96375653207353
40,77.0053832080835
41,74.05460409907715
42,75.96375653207353
43,73.61045966596522
44,74.47588900324574
45,72.47443162627712
46,73.30075576600639
47,71.56505117707799
48,72.34987578006988
49,70.82099197418928
50,71.56505117707799
51,70.20112364547508
52,70.90650799951439
53,69.67686317033707
54,70.97439396243132
55,69.86369657175187
56,70.4633450618716
57,69.44395478041653
58,70.01689347810003
59,55.12467165539782
60,-55.12467165539782
61,-62.74467162505693
62,55.7842978675626
63,58.3924977537511
64,59.03624346792648
65,56.88865803962798
66,57.52880770915151
67,56.309932474020215
68,56.97613244420336
69,55.619655276155136
70,56.309932474020215
71,54.78240703180729
72,55.4914770123316
73,53.74616226255522
74,54.46232220802562
75,52.43140797117251
76,53.13010235415598
77,48.01278750418334
78,48.366460663429805
79,45.0
80,45.0
81,40.60129464500447
82,39.80557109226519
83,33.690067525979785
84,30.96375653207352
85,21.80140948635181
86,14.036243467926479
87,0.0
88,-18.43494882292201
89,-45.0
90,-63.43494882292201
91,-68.19859051364818
92,-80.53767779197439
93,-81.86989764584403
94,-90.0
95,-90.0
96,-95.71059313749964
97,-95.1944289077348
98,-99.46232220802563
99,-98.74616226255522
100,-102.0947570770121
101,-100.61965527615514
102,-103.2405199151872
103,-102.52880770915151
104,-104.74356283647074
105,-104.03624346792648
106,-105.94539590092286
107,-105.25511870305779
108,-106.92751306414705
109,-106.26020470831196
110,-107.74467162505692
111,-106.50436138175503
112,-107.81888891452277
113,-107.24145939893998
114,-108.43494882292202
115,-107.87869659584133
116,-108.97040780848656
117,-108.43494882292202
