0,-129.28940686250036
1,-131.05481377096245
2,-130.91438322002512
3,-132.87890360333856
4,-132.7974018382342
5,-135.0
6,-135.0
7,-137.48955292199918
8,-137.6025622024998
9,-138.9909130984298
10,-139.1849161251184
11,-142.30575953331083
12,-142.6960517220166
13,-146.30993247402023
14,-146.97613244420336
15,-149.03624346792648
16,-149.93141717813756
17,-154.65382405805332
18,-156.03751102542182
19,-161.565051177078
20,-163.61045966596524
21,-169.9920201985587
22,-172.8749836510982
23,-176.42366562500266
24,180.0
25,172.40535663140858
26,167.90524292298792
27,160.3461759419467
28,155.22485943116808
29,151.69924423399362
30,146.30993247402023
31,140.19442890773482
32,135.0
33,130.2363583092738
34,125.53767779197437
35,122.0053832080835
36,117.89727103094764
37,116.56505117707799
38,112.83365417791754
39,110.85445803957835
40,107.65012421993013
41,106.26020470831196
42,103.49573328079582
43,102.9946167919165
44,100.4914770123316
45,99.7824070318073
46,97.59464336859145
47,97.1250163489018
48,95.1944289077348
49,81.3843518158359
50,80.8376529542783
51,78.69006752597979
52,77.9052429229879
53,75.46554491945989
54,74.9315118405078
55,72.25532837494306
56,70.82099197418928
57,67.75097634278764
58,65.77225468204583
59,62.24145939893998
60,60.94539590092286
61,57.094757077012105
62,53.74616226255522
63,49.398705354995535
64,45.0
65,40.23635830927382
66,34.69515353123397
67,29.74488129694222
68,26.56505117707799
69,21.80140948635181
70,14.931417178137554
71,10.619655276155134
72,3.576334374997351
73,0.0
74,-3.3664606634298013
75,-6.34019174590991
76,-12.528807709151511
77,-14.743562836470735
78,-20.224859431168078
79,-21.80140948635181
80,-26.56505117707799
81,-27.64597536373868
82,-29.74488129694222
83,-30.579226872489016
84,-34.28687697720896
85,-34.824489156956794
86,-38.04704253182609
87,-38.36748538486154
88,-39.80557109226519
89,-40.0302592718897
90,-42.61405596961119
91,-42.70938995736147
92,-45.0
93,-45.0
94,-47.04540848888723
95,-46.97493401088198
96,-49.6858998395027
97,-56.309932474020215
98,-54.63753811293095
99,-55.00797980144134
100,-53.13010235415598
101,-53.47114463301483
102,-51.34019174590991
103,-51.63251461513847
104,-50.44033203100551
105,-50.71059313749964
106,-48.01278750418334
107,-48.179830119864235
108,-45.0
109,-45.0
110,-41.18592516570965
111,-40.91438322002513
112,-38.65980825409009
113,-38.15722658736906
114,-32.7352262721076
115,-31.6075022462489
116,-24.77514056883192
117,-22.619864948040426
118,-14.036243467926479
119,-10.304846468766033
120,-5.194428907734806
121,0.0
122,11.309932474020213
123,18.43494882292201
124,29.054604099077146
125,36.86989764584402
126,45.0
127,52.1250163489018
128,55.00797980144134
129,61.38954033403479
130,65.22485943116808
131,70.3461759419467
132,72.64597536373867
133,76.7594800848128
134,78.11134196037202
135,81.46923439005187
136,82.5685920288275
137,85.23635830927383
138,85.42607874009914
139,87.7974018382342
140,90.0
141,90.0
142,92.72631099390628
143,93.01278750418334
144,96.3401917459099
145,97.1250163489018
146,101.30993247402021
147,102.0947570770121
148,107.10272896905236
149,109.98310652189998
150,116.56505117707799
151,122.0053832080835
152,130.6012946450045
153,140.19442890773482
154,150.25511870305778
155,164.05460409907712
156,172.8749836510982
157,-172.8749836510982
158,-167.47119229084848
159,-161.565051177078
160,-158.19859051364818
161,-149.03624346792648
162,-147.52880770915152
163,-140.71059313749967
164,-140.19442890773482
165,-135.0
166,-135.0
167,-132.87890360333856
168,-133.02506598911802
169,-129.47245984834385
170,-129.8055710922652
171,-126.86989764584402
172,-127.30394827798344
173,-124.8244891569568
174,-125.31121343963319
175,-123.17851165939277
176,-123.69006752597979
177,-122.7352262721076
178,-123.23171106797936
179,-121.5042667192042
180,-122.0053832080835
181,-121.21840276434638
