0,-126.86989764584402
1,125.21759296819272
2,83.29016319224307
3,81.3843518158359
4,76.37300514010846
5,74.29136217098426
6,72.64597536373867
7,70.4633450618716
8,68.83874018317172
9,64.23067237566129
10,62.65012421993013
11,52.76516601842533
12,51.63251461513847
13,48.99091309842978
14,47.72631099390627
15,45.0
16,29.74488129694222
17,28.810793742973058
18,26.56505117707799
19,25.34617594194669
20,22.833654177917545
21,14.931417178137554
22,15.945395900922854
23,9.462322208025617
24,11.309932474020213
25,6.34019174590991
26,8.13010235415598
27,-11.309932474020213
28,-18.43494882292201
29,-15.945395900922854
30,-20.556045219583467
31,-16.69924423399362
32,-22.619864948040426
33,-21.037511025421818
34,-27.89727103094763
35,-30.46554491945988
36,-31.429565614838516
37,-33.690067525979785
38,-34.38034472384487
39,-43.45184230102203
40,-46.548157698977974
41,-49.398705354995535
42,-52.30575953331083
43,-53.53076560994813
44,-66.80140948635182
45,-68.55226367289465
46,-70.97439396243132
47,-72.75854060106002
48,-75.06858282186245
49,-76.86597769360368
50,-79.04593735660167
51,-84.47245984834383
52,-86.42366562500266
