0,-120.57922687248902
1,-123.69006752597979
2,-125.53767779197437
3,-131.82016988013575
4,-133.45184230102205
5,-136.54815769897797
6,-138.17983011986425
7,-147.52880770915152
8,-149.42077312751098
9,-155.3764352138364
10,-159.44395478041653
11,-158.6293777306568
12,-156.50143432404792
13,-136.7357045889284
14,-135.0
15,-131.42366562500266
16,-129.47245984834385
17,-125.8376529542783
18,-105.52411099675426
19,-103.2405199151872
20,-107.35402463626133
21,-111.03751102542182
22,-116.56505117707799
23,-120.96375653207352
24,-127.87498365109822
25,-135.0
26,-143.13010235415598
27,-153.434948822922
28,-161.565051177078
29,-167.47119229084848
30,-174.28940686250036
31,174.28940686250036
32,169.69515353123398
33,164.74488129694222
34,161.565051177078
35,153.434948822922
36,151.69924423399362
37,148.39249775375112
38,147.2647737278924
39,144.46232220802563
40,143.74616226255523
41,139.08561677997488
42,138.81407483429035
43,136.8476102659946
44,136.7357045889284
45,131.82016988013575
46,124.38034472384487
47,125.8376529542783
48,125.21759296819272
49,126.86989764584402
50,126.2538377374448
51,130.2363583092738
52,129.8055710922652
53,138.01278750418336
54,138.3664606634298
55,150.94539590092285
56,153.434948822922
57,172.8749836510982
58,180.0
59,-156.80140948635182
60,-146.30993247402023
61,-130.6012946450045
62,-122.0053832080835
63,-114.44395478041653
64,-108.43494882292202
65,-104.93141717813755
66,-100.61965527615514
67,-100.00797980144135
68,-96.3401917459099
69,-66.03751102542182
70,-62.10272896905237
71,-60.64224645720873
72,-61.92751306414704
73,-53.97262661489639
74,-55.00797980144134
75,-45.0
76,-45.0
77,-9.462322208025617
78,0.0
79,72.64597536373867
80,70.5599651718238
81,71.56505117707799
82,69.77514056883192
83,59.93141717813756
84,51.84277341263094
85,52.43140797117251
86,47.72631099390627
87,48.01278750418334
88,29.054604099077146
89,26.56505117707799
90,-36.86989764584402
91,-37.874983651098205
92,-55.30484646876604
93,-54.46232220802562
94,-59.53445508054013
95,-58.57043438516149
96,-36.86989764584402
97,-37.23483398157467
98,-41.34777721969367
