0,-88.26429541107161
1,-90.0
2,-95.35582504285519
3,-97.35237935989237
4,-99.16234704572172
5,-101.30993247402021
6,-103.13402230639633
7,-105.42216131873867
8,-107.24145939893998
9,-109.6538240580533
10,-111.44773632710536
11,-124.8244891569568
12,-126.02737338510362
13,-131.98721249581666
14,-133.45184230102205
15,-139.63546342690265
16,-141.34019174590992
17,-144.46232220802563
18,-148.2405199151872
19,-151.3895403340348
20,-155.55604521958347
21,-158.6293777306568
22,-165.37912601136836
23,-168.23171106797935
24,165.96375653207352
25,163.07248693585296
26,154.4400348281762
27,151.3895403340348
28,147.52880770915152
29,144.46232220802563
30,142.6960517220166
31,139.63546342690265
32,138.01278750418336
33,135.0
34,133.53119928561418
35,127.69424046668917
36,126.46923439005187
37,110.77225468204583
38,109.02560603756869
39,104.4702941000659
40,102.72435568542238
41,100.61965527615514
42,98.88065915052024
43,96.91122711902469
44,93.46822925891715
45,91.6846843178963
46,69.07549825507883
47,67.01128319791937
48,64.13364320590549
49,62.02052561151985
50,60.64224645720873
51,58.49573328079582
52,57.171458208587474
53,55.00797980144134
54,53.74616226255522
55,47.48955292199916
56,48.81407483429036
57,53.84181456019167
58,55.30484646876604
59,57.804266065286754
60,59.34933204294713
61,61.82140989004083
62,66.80140948635182
63,69.22774531795417
64,88.02506598911803
65,90.0
66,94.08561677997488
67,98.74616226255522
68,100.88552705465874
69,122.27564431457762
70,123.69006752597979
71,127.40535663140857
72,129.0938588862295
73,133.02506598911802
74,135.0
75,139.08561677997488
76,143.74616226255523
77,147.9946167919165
78,159.44395478041653
79,163.61045966596524
80,-166.75948008481282
81,-162.6459753637387
82,-150.64224645720873
83,-146.30993247402023
84,-143.74616226255523
85,-139.39870535499554
86,-135.0
87,-130.91438322002512
88,-129.0938588862295
89,-121.42956561483851
90,-120.06858282186246
91,-104.03624346792648
92,-101.76828893202065
93,-96.58194465517802
94,-94.39870535499554
95,-92.12109639666146
96,-85.76360520094116
97,-83.8844964337146
98,-72.18111108547723
99,-69.67686317033707
100,-64.29004621918874
101,-61.69924423399363
102,-58.3924977537511
103,-55.7842978675626
104,-54.24611274556325
105,-48.99091309842978
106,-50.19442890773481
107,-49.9697407281103
108,-55.00797980144134
109,-56.309932474020215
110,-58.49573328079582
111,-61.26020470831195
112,-63.43494882292201
113,-67.89055165624833
114,-70.01689347810003
