0,-123.23171106797936
1,117.18111108547723
2,110.72555886556054
3,120.25643716352927
4,112.38013505195958
5,101.30993247402021
6,100.78429786756261
7,94.96974072811031
8,94.76364169072617
9,90.0
10,90.0
11,86.05481377096244
12,86.18592516570965
13,82.8749836510982
14,83.08877288097531
15,80.2724214485984
16,80.53767779197439
17,79.28687697720896
18,69.27444113443946
19,68.74949449286676
20,70.5599651718238
21,70.01689347810003
22,72.12130340415867
23,71.56505117707799
24,74.05460409907715
25,73.49563861824498
26,76.50426671920418
27,75.96375653207353
28,79.69515353123397
29,79.2157021324374
30,83.99099404250548
31,83.6598082540901
32,90.0
33,90.0
34,98.74616226255522
35,99.46232220802563
36,95.1944289077348
37,95.71059313749964
38,-14.036243467926479
39,-45.0
40,-45.0
41,-26.56505117707799
42,132.87890360333856
43,137.12109639666144
44,-115.76932762433871
