0,-78.02386755579664
1,-79.38034472384487
2,-82.8749836510982
3,-86.18592516570965
4,-88.09084756700362
5,-101.76828893202065
6,-102.2647737278924
7,-108.43494882292202
8,-109.29004621918874
9,-112.83365417791754
10,-113.96248897457819
11,-122.0053832080835
12,-123.69006752597979
13,-128.15722658736905
14,-132.51044707800085
15,-137.48955292199918
16,-140.19442890773482
17,-145.30484646876604
18,-148.39249775375112
19,-153.434948822922
20,-160.3461759419467
21,-165.06858282186246
22,-172.40535663140858
23,-176.42366562500266
24,172.8749836510982
25,169.9920201985587
26,157.61986494804043
27,156.03751102542182
28,129.28940686250036
29,126.46923439005187
30,122.19573393471325
31,119.74488129694222
32,118.88658176691071
33,116.56505117707799
34,115.82099197418928
35,109.4400348281762
36,107.92791976200724
37,105.94539590092286
38,98.13010235415598
39,96.70983680775694
40,95.04245106917092
41,93.46822925891715
42,91.73570458892839
43,88.15238973400541
44,86.30861401354873
45,79.8753283446022
46,79.50852298766841
47,71.56505117707799
48,70.82099197418928
49,64.5366549381284
50,63.43494882292201
51,59.93141717813756
52,58.57043438516149
53,54.78240703180729
54,53.13010235415598
55,49.08561677997488
56,47.12109639666146
57,42.87890360333855
58,40.60129464500447
59,36.25383773744479
60,30.96375653207352
61,26.56505117707799
62,20.556045219583467
63,16.389540334034784
64,10.007979801441337
65,6.34019174590991
66,-3.1798301198642345
67,-6.009005957494525
68,-51.63251461513847
69,-54.24611274556325
70,-56.309932474020215
71,-61.1134182330893
72,-61.92751306414704
73,-66.37062226934319
74,-67.89055165624833
75,-70.01689347810003
