0,-61.38954033403479
1,-61.85839876773828
2,-61.29404745659892
3,-61.78264414527071
4,-61.189206257026946
5,-61.69924423399363
6,-61.07357416474639
7,-61.606980578617005
8,-60.94539590092286
9,-61.50436138175502
10,-60.80251395393553
11,-61.38954033403479
12,-60.64224645720873
13,-61.26020470831195
14,-60.4612177404419
15,-61.1134182330893
16,-60.25511870305778
17,-60.94539590092286
18,-60.01836063115067
19,-60.751173663453024
20,-59.743562836470744
21,-60.52411099675425
22,-59.42077312751099
23,-60.25511870305778
24,-59.03624346792648
25,-60.94539590092286
26,-59.53445508054013
27,-60.64224645720873
28,-59.03624346792648
29,-60.25511870305778
30,-58.3924977537511
31,-59.743562836470744
32,-57.52880770915151
33,-59.03624346792648
34,-160.97439396243132
35,-164.57783868126134
36,-63.43494882292201
37,-54.46232220802562
38,-56.309932474020215
39,-51.34019174590991
40,-53.13010235415598
41,-45.0
42,-45.0
43,-26.56505117707799
44,0.0
45,45.0
46,90.0
47,90.0
48,104.03624346792648
49,101.30993247402021
50,113.19859051364818
51,166.4295656148385
52,162.75854060106005
53,119.05460409907714
54,111.80140948635182
55,109.98310652189998
56,112.61986494804043
57,111.03751102542182
58,115.01689347810004
59,113.62937773065681
60,115.20112364547508
61,113.96248897457819
62,115.3461759419467
63,114.22774531795417
64,115.46334506187162
65,114.44395478041653
66,115.55996517182382
67,114.62356478616361
68,115.64100582430528
69,114.77514056883193
70,115.70995378081126
71,114.90476880809518
72,115.76932762433871
73,115.01689347810004
74,115.82099197418928
75,115.11483488614456
76,115.86635679409451
77,115.20112364547508
78,115.90650799951439
79,115.27772223555296
80,115.94229548987168
81,115.3461759419467
82,115.97439396243132
83,115.40771810894849
84,116.00334584451144
85,114.44395478041653
86,112.24902365721238
87,112.71441235316725
88,112.03622694014545
89,112.5205656028969
90,111.80140948635182
91,112.30620505490764
92,111.54097591853845
93,112.06789956241022
94,111.25050550713325
95,111.80140948635182
96,110.92450174492117
97,111.5014343240479
98,110.55604521958347
99,111.16125981682828
100,110.13630342824813
101,110.77225468204583
102,108.43494882292202
103,109.09349200048563
104,107.74467162505692
105,108.43494882292202
106,106.92751306414705
107,107.65012421993013
108,105.94539590092286
109,106.69924423399362
110,104.74356283647074
111,105.52411099675426
112,103.2405199151872
113,104.03624346792648
114,101.30993247402021
115,102.0947570770121
116,98.74616226255522
117,99.46232220802563
118,95.1944289077348
119,95.71059313749964
120,90.0
121,17.241459398939973
122,14.931417178137554
123,13.134022306396323
124,66.80140948635182
125,71.56505117707799
126,63.43494882292201
127,45.0
128,33.690067525979785
129,14.036243467926479
130,0.0
131,-11.309932474020213
132,-21.80140948635181
133,-29.74488129694222
134,-35.53767779197438
135,-36.86989764584402
136,-41.18592516570965
137,-41.6335393365702
138,-14.931417178137554
139,-18.43494882292201
140,-42.27368900609374
141,-47.72631099390627
142,-47.48955292199916
143,-49.76364169072618
144,-49.398705354995535
145,-51.34019174590991
146,-50.906141113770495
147,-52.59464336859145
148,-52.1250163489018
149,-53.615648184164115
150,-53.13010235415598
151,-54.46232220802562
152,-53.97262661489639
153,-55.175510843043206
154,-54.68878656036681
155,-55.7842978675626
156,-55.30484646876604
157,-56.309932474020215
158,-55.84030545433057
159,-56.768288932020646
160,-56.309932474020215
161,-57.171458208587474
162,-56.72511201516508
163,-57.52880770915151
164,-57.094757077012105
165,-57.84770485871766
166,-57.03059609653788
167,-57.724355685422374
168,-57.33908727832619
169,-57.9946167919165
170,-57.61932229343077
171,-58.240519915187214
172,-57.87500155961248
173,-58.46520809481171
