0,-48.81407483429036
1,-45.0
2,-42.27368900609374
3,-39.28940686250036
4,-36.46923439005187
5,-34.824489156956794
6,-32.005383208083494
7,-30.256437163529263
8,-27.474431626277134
9,-25.641005824305285
10,-22.932100437589785
11,-21.037511025421818
12,-3.3664606634298013
13,-1.7357045889283889
14,-178.56790381583536
15,177.13759477388825
16,3.4682292589171477
17,5.042451069170913
18,22.932100437589785
19,24.77514056883192
20,27.474431626277134
21,29.248826336546973
22,32.005383208083494
23,33.690067525979785
24,36.46923439005187
25,38.04704253182609
26,40.81508387488159
27,43.66778014613036
28,46.33221985386964
29,49.9697407281103
30,46.16913932790742
31,42.510447078000844
32,40.0302592718897
33,37.23483398157467
34,34.69515353123397
35,33.17851165939275
36,30.650667957052864
37,29.054604099077146
38,24.145541960421653
39,22.479434397103113
40,7.907162702958458
41,7.696051722016569
42,4.398705354995532
43,4.289153328819018
44,2.792702365713283
45,2.7263109939062655
46,1.3322198538696388
47,1.3019526725788753
48,0.0
49,-1.3322198538696388
50,-1.3971810272963765
51,-2.8624052261117474
52,-2.935673446421173
53,-6.170175095029609
54,-6.34019174590991
55,-20.77225468204583
56,-22.479434397103113
57,-27.407575437818405
58,-29.054604099077146
59,-31.6075022462489
60,-33.17851165939275
61,-35.75388725443675
62,-38.65980825409009
63,-41.18592516570965
64,-45.0
