0,-126.3843518158359
1,126.3843518158359
2,116.56505117707799
3,114.44395478041653
4,111.37062226934319
5,94.96974072811031
6,92.6025622024998
7,84.8055710922652
8,81.86989764584403
9,76.6075022462489
10,73.30075576600639
11,70.70995378081128
12,63.43494882292201
13,62.24145939893998
14,65.55604521958347
15,53.97262661489639
16,-49.899092453787766
17,-62.24145939893998
18,47.72631099390627
19,53.13010235415598
20,55.30484646876604
21,73.61045966596522
22,76.7594800848128
23,80.53767779197439
24,105.52411099675426
25,109.4400348281762
26,112.38013505195958
27,116.56505117707799
28,-112.83365417791754
