0,-107.35402463626133
1,-107.87869659584133
2,-104.4702941000659
3,-100.12467165539782
4,-100.4914770123316
5,-98.74616226255522
6,-99.46232220802563
7,-97.4314079711725
8,-97.76516601842535
9,-95.44033203100551
10,-96.00900595749452
11,-93.17983011986423
12,-93.57633437499736
13,-90.0
14,-90.0
15,-85.23635830927383
16,-84.28940686250037
17,-77.47119229084849
18,-74.05460409907715
19,-63.43494882292201
20,-59.03624346792648
21,-45.0
22,-26.56505117707799
23,-11.309932474020213
24,11.309932474020213
25,18.43494882292201
26,33.690067525979785
27,124.11447294534128
28,120.96375653207352
29,117.21611155730749
30,115.86635679409451
31,116.56505117707799
32,112.16634582208246
33,112.9321004375898
34,105.94539590092286
35,106.69924423399362
36,93.81407483429037
37,94.08561677997488
38,66.03751102542182
39,63.43494882292201
40,45.0
41,45.0
42,51.34019174590991
43,50.71059313749964
44,55.30484646876604
45,54.46232220802562
46,57.9946167919165
47,57.094757077012105
48,58.57043438516149
49,57.724355685422374
50,60.25511870305778
51,59.42077312751099
52,61.55707137563666
53,60.751173663453024
54,62.59242456218159
55,61.82140989004083
56,63.43494882292201
57,62.7004277886672
58,63.43494882292201
59,62.74467162505693
60,63.43494882292201
61,62.78388844269253
62,56.6893691754392
63,55.12467165539782
64,55.4914770123316
65,54.63753811293095
66,55.00797980144134
67,53.13010235415598
68,53.47114463301483
69,51.34019174590991
70,51.63251461513847
71,49.18491612511841
72,49.398705354995535
73,46.548157698977974
74,46.63657704161672
75,45.0
76,45.0
77,41.18592516570965
78,40.91438322002513
79,36.25383773744479
80,35.53767779197438
81,29.74488129694222
82,28.30075576600638
83,21.037511025421818
84,18.43494882292201
85,9.462322208025617
86,5.194428907734806
87,-5.194428907734806
88,-11.309932474020213
89,-16.69924423399362
90,-23.962488974578186
91,-33.690067525979785
92,-41.18592516570965
93,-48.366460663429805
94,-55.00797980144134
95,-59.743562836470744
96,-65.22485943116808
97,-68.19859051364818
98,-72.64597536373867
99,-74.47588900324574
100,-78.11134196037202
101,-79.2157021324374
102,-82.23483398157467
103,-82.5685920288275
104,-85.23635830927383
105,-85.60129464500447
106,-87.87890360333854
107,-87.95459151111278
108,-91.90915243299638
109,-93.81407483429037
110,-95.52754015165618
111,-97.35237935989237
112,-98.88065915052024
