0,-125.21759296819272
1,126.86989764584402
2,117.97947438848014
3,173.29016319224309
4,176.42366562500266
5,161.565051177078
6,108.43494882292202
7,104.03624346792648
8,90.0
9,90.0
10,81.86989764584403
11,82.8749836510982
12,77.47119229084849
13,78.69006752597979
14,71.56505117707799
15,72.89727103094764
16,70.3461759419467
17,71.56505117707799
18,69.44395478041653
19,70.5599651718238
20,68.74949449286676
21,69.77514056883192
22,66.80140948635182
23,67.75097634278764
24,66.5014343240479
25,67.38013505195957
26,66.25050550713324
27,67.06789956241022
28,66.03751102542182
29,66.80140948635182
30,64.98310652189998
31,65.69545073406329
32,64.88516511385544
33,56.72511201516508
34,55.00797980144134
35,55.84030545433057
36,54.86580694308437
37,55.30484646876604
38,54.24611274556325
39,54.68878656036681
40,53.53076560994813
41,53.97262661489639
42,52.69605172201657
43,53.615648184164115
44,52.1250163489018
45,52.59464336859145
46,50.906141113770495
47,51.34019174590991
48,49.398705354995535
49,49.76364169072618
50,47.48955292199916
51,48.01278750418334
52,45.0
53,45.0
54,41.18592516570965
55,40.60129464500447
56,35.53767779197438
57,30.96375653207352
58,21.80140948635181
59,14.036243467926479
60,0.0
61,0.0
62,-8.13010235415598
63,-7.125016348901798
64,-12.528807709151511
65,-11.309932474020213
66,-15.255118703057777
67,-14.036243467926479
68,-25.20112364547507
69,-27.89727103094763
70,-29.054604099077146
71,-31.429565614838516
72,-32.27564431457763
73,-47.862405226111754
74,-50.71059313749964
75,-51.95295746817391
76,-54.68878656036681
77,-55.7842978675626
78,-68.19859051364818
79,-69.86369657175187
80,-72.12130340415867
81,-73.81079374297306
82,-75.96375653207353
83,-77.66091272167381
84,-79.69515353123397
85,-84.8055710922652
86,-86.63353933657021
