0,-105.70863782901574
1,-107.87869659584133
2,-109.5366549381284
3,-111.80140948635182
4,-113.4286928087454
5,-131.0090869015702
6,-132.27368900609375
7,-135.0
8,-136.39718102729637
9,-139.1849161251184
10,-140.71059313749967
11,-143.53076560994813
12,-148.67130713219584
13,-142.6960517220166
14,-141.00900595749454
15,-138.01278750418336
16,-136.46880071438582
17,-122.0053832080835
18,-120.25643716352927
19,-117.47443162627712
20,-115.64100582430528
21,-112.9321004375898
22,-105.06848815949222
23,-102.52880770915151
24,-100.88552705465874
25,-94.39870535499554
26,-92.29061004263853
27,-90.0
28,-87.61405596961119
29,-85.23635830927383
30,-76.6075022462489
31,-75.96375653207353
32,-72.47443162627712
33,-71.56505117707799
34,-67.61986494804043
35,-66.37062226934319
36,-61.92751306414704
37,-56.309932474020215
38,-50.71059313749964
39,37.874983651098205
40,45.0
41,53.97262661489639
42,59.743562836470744
43,63.43494882292201
44,68.19859051364818
45,71.56505117707799
46,75.25643716352927
47,77.19573393471325
48,80.13419305691563
49,81.2538377374448
50,83.6598082540901
51,84.28940686250037
52,80.53767779197439
53,80.21759296819272
54,77.9052429229879
55,76.50426671920418
56,73.73979529168804
57,72.34987578006988
58,69.14554196042165
59,64.79887635452492
60,60.64224645720873
61,53.13010235415598
62,47.72631099390627
63,30.96375653207352
64,24.443954780416536
65,15.255118703057777
66,9.462322208025617
67,0.0
68,-4.398705354995532
69,-12.994616791916505
70,-15.945395900922854
71,-19.65382405805331
72,-21.80140948635181
73,-28.072486935852957
74,-29.357753542791276
75,-32.005383208083494
76,-32.9052429229879
77,-37.40535663140856
78,-37.874983651098205
79,-39.80557109226519
80,-40.10090754621224
81,-41.82016988013577
82,-41.98721249581666
83,-43.53119928561418
84,-43.60281897270362
85,-45.0
86,-45.0
87,-47.48955292199916
88,-47.38594403038881
89,-48.50353164478446
90,-48.366460663429805
91,-49.398705354995535
92,-49.23639479905884
93,-51.115503566285405
94,-51.58194465517801
95,-50.59933933652057
96,-50.826342029555775
97,-49.76364169072618
98,-49.9697407281103
99,-47.60256220249981
100,-47.72631099390627
101,-46.39718102729638
102,-46.46880071438583
103,-45.0
104,-45.0
105,-43.36342295838329
106,-43.264295411071615
107,-39.472459848343824
108,-39.0938588862295
109,-36.86989764584402
110,-36.25383773744479
111,-33.690067525979785
112,-32.7352262721076
113,-26.56505117707799
114,-24.77514056883192
115,-17.102728969052375
116,-14.036243467926479
117,-26.56505117707799
118,-50.19442890773481
119,-55.30484646876604
120,-60.64224645720873
121,-64.79887635452492
122,-68.19859051364818
123,-71.56505117707799
124,-72.34987578006988
125,-75.37912601136834
126,-75.96375653207353
127,-78.69006752597979
128,-79.11447294534128
129,-83.8844964337146
130,-84.0938588862295
131,-86.18592516570965
132,-88.09084756700362
133,-90.0
134,-91.8476102659946
135,-93.57633437499736
