0,0.0
1,0.0
2,221.0
3,255.0
4,255.0
5,255.0
6,255.0
7,255.0
8,255.0
9,255.0
10,0.0
11,0.0
12,221.0
13,255.0
14,255.0
15,255.0
16,255.0
17,255.0
18,255.0
19,255.0
20,0.0
21,0.0
22,221.0
23,255.0
24,255.0
25,255.0
26,255.0
27,255.0
28,255.0
29,255.0
30,0.0
31,0.0
32,221.0
33,255.0
34,255.0
35,255.0
36,255.0
37,255.0
38,255.0
39,255.0
40,0.0
41,0.0
42,221.0
43,255.0
44,255.0
45,255.0
46,228.61111111111111
47,105.72222222222223
48,65.33333333333333
49,85.05555555555556
50,0.0
51,0.0
52,221.0
53,255.0
54,237.05555555555554
55,116.27777777777777
56,8.5
57,10.38888888888889
58,123.61111111111111
59,240.94444444444446
60,0.0
61,0.0
62,210.61111111111111
63,133.16666666666666
64,15.055555555555555
65,1.8888888888888888
66,107.66666666666667
67,232.38888888888889
68,255.0
69,255.0
70,0.0
71,0.0
72,14.055555555555555
73,1.8888888888888888
74,18.833333333333332
75,0.0
76,94.5
77,244.61111111111111
78,255.0
79,255.0
80,0.0
81,0.0
82,72.77777777777777
83,207.72222222222223
84,237.05555555555554
85,79.27777777777777
86,0.0
87,42.5
88,212.5
89,255.0
90,0.0
91,0.0
92,232.33333333333334
93,255.0
94,255.0
95,255.0
96,141.55555555555554
97,5.666666666666667
98,10.38888888888889
99,159.61111111111111
