0,255.0
1,255.0
2,255.0
3,255.0
4,251.27777777777777
5,53.333333333333336
6,241.27777777777777
7,255.0
8,255.0
9,255.0
10,255.0
11,255.0
12,255.0
13,255.0
14,175.61111111111111
15,60.94444444444444
16,135.11111111111111
17,255.0
18,255.0
19,255.0
20,255.0
21,255.0
22,255.0
23,253.11111111111111
24,160.55555555555554
25,196.91666666666666
26,21.694444444444443
27,245.08333333333334
28,255.0
29,255.0
30,255.0
31,255.0
32,255.0
33,179.91666666666666
34,233.30555555555554
35,255.0
36,66.13888888888889
37,143.08333333333334
38,255.0
39,255.0
40,255.0
41,255.0
42,254.05555555555554
43,160.08333333333334
44,255.0
45,255.0
46,189.80555555555554
47,27.333333333333332
48,248.41666666666666
49,255.0
50,255.0
51,255.0
52,185.63888888888889
53,229.0
54,255.0
55,255.0
56,255.0
57,58.083333333333336
58,152.52777777777777
59,255.0
60,255.0
61,255.0
62,161.44444444444446
63,255.0
64,255.0
65,255.0
66,255.0
67,182.75
68,33.05555555555556
69,250.75
70,255.0
71,192.72222222222223
72,224.33333333333334
73,255.0
74,255.0
75,255.0
76,255.0
77,254.55555555555554
78,51.0
79,161.05555555555554
80,255.0
81,162.38888888888889
82,255.0
83,255.0
84,255.0
85,255.0
86,255.0
87,255.0
88,175.16666666666666
89,39.666666666666664
90,198.75
91,220.02777777777777
92,255.0
93,255.0
94,255.0
95,255.0
96,255.0
97,255.0
98,253.61111111111111
99,44.388888888888886
