0,255.0
1,255.0
2,255.0
3,255.0
4,255.0
5,255.0
6,221.0
7,0.0
8,0.0
9,0.0
10,255.0
11,255.0
12,255.0
13,255.0
14,255.0
15,255.0
16,255.0
17,250.75
18,250.75
19,250.75
20,255.0
21,255.0
22,255.0
23,255.0
24,255.0
25,255.0
26,255.0
27,212.625
28,191.25
29,191.25
30,255.0
31,255.0
32,255.0
33,255.0
34,255.0
35,255.0
36,255.0
37,85.5
38,0.0
39,0.0
40,255.0
41,255.0
42,255.0
43,255.0
44,255.0
45,255.0
46,255.0
47,85.5
48,0.0
49,0.0
50,255.0
51,255.0
52,255.0
53,255.0
54,255.0
55,255.0
56,255.0
57,85.5
58,0.0
59,0.0
60,255.0
61,255.0
62,255.0
63,255.0
64,255.0
65,255.0
66,255.0
67,85.5
68,0.0
69,0.0
70,255.0
71,255.0
72,255.0
73,255.0
74,255.0
75,255.0
76,255.0
77,85.5
78,0.0
79,0.0
80,255.0
81,255.0
82,255.0
83,255.0
84,255.0
85,255.0
86,255.0
87,84.375
88,0.0
89,0.0
90,120.0625
91,142.3125
92,171.0625
93,183.875
94,180.625
95,163.625
96,119.0625
97,12.8125
98,0.0
99,23.3125
