0,255.0
1,255.0
2,217.66666666666666
3,20.333333333333332
4,251.06666666666666
5,255.0
6,255.0
7,253.86666666666667
8,76.5
9,210.86666666666667
10,255.0
11,255.0
12,134.93333333333334
13,60.666666666666664
14,255.0
15,255.0
16,255.0
17,202.2
18,5.6
19,241.33333333333334
20,255.0
21,255.0
22,59.06666666666667
23,135.46666666666667
24,255.0
25,255.0
26,255.0
27,125.7
28,68.53333333333333
29,255.0
30,255.0
31,234.66666666666666
32,2.2666666666666666
33,212.06666666666666
34,255.0
35,255.0
36,255.0
37,49.2
38,142.8
39,255.0
40,255.0
41,161.06666666666666
42,30.6
43,255.0
44,255.0
45,255.0
46,227.16666666666666
47,0.5333333333333333
48,222.06666666666666
49,244.23333333333332
50,255.0
51,85.0
52,70.7
53,255.0
54,255.0
55,255.0
56,138.2
57,36.8
58,255.0
59,161.56666666666666
60,250.46666666666667
61,15.8
62,29.366666666666667
63,223.33333333333334
64,245.43333333333334
65,165.63333333333333
66,137.16666666666666
67,55.43333333333333
68,236.93333333333334
69,146.1
70,189.13333333333333
71,11.833333333333334
72,234.03333333333333
73,181.3
74,182.36666666666667
75,245.9
76,255.0
77,215.93333333333334
78,183.03333333333333
79,251.6
80,113.26666666666667
81,81.5
82,255.0
83,255.0
84,255.0
85,255.0
86,255.0
87,255.0
88,255.0
89,255.0
90,36.13333333333333
91,158.0
92,255.0
93,255.0
94,255.0
95,255.0
96,255.0
97,255.0
98,255.0
99,255.0
