0,255.0
1,255.0
2,255.0
3,255.0
4,255.0
5,242.12
6,64.92
7,201.28
8,255.0
9,71.36
10,255.0
11,255.0
12,255.0
13,255.0
14,255.0
15,127.5
16,61.24
17,255.0
18,255.0
19,255.0
20,255.0
21,255.0
22,255.0
23,255.0
24,255.0
25,45.58
26,105.4
27,255.0
28,255.0
29,255.0
30,255.0
31,255.0
32,255.0
33,255.0
34,233.32
35,0.68
36,144.5
37,255.0
38,255.0
39,255.0
40,255.0
41,255.0
42,255.0
43,255.0
44,174.72
45,0.0
46,184.28
47,255.0
48,255.0
49,255.0
50,255.0
51,255.0
52,255.0
53,255.0
54,122.72
55,0.32
56,233.92
57,255.0
58,255.0
59,255.0
60,255.0
61,255.0
62,255.0
63,255.0
64,82.64
65,38.06
66,255.0
67,255.0
68,255.0
69,255.0
70,255.0
71,255.0
72,255.0
73,255.0
74,43.56
75,104.34
76,255.0
77,255.0
78,255.0
79,255.0
80,255.0
81,255.0
82,255.0
83,247.18
84,6.08
85,183.56
86,255.0
87,255.0
88,255.0
89,255.0
90,67.92
91,189.44
92,255.0
93,142.46
94,103.7
95,254.68
96,255.0
97,255.0
98,255.0
99,255.0
