0,0.0
1,0.0
2,11.277777777777779
3,25.5
4,25.5
5,25.5
6,25.5
7,22.833333333333332
8,22.833333333333332
9,22.833333333333332
10,0.0
11,0.0
12,113.0
13,255.0
14,255.0
15,255.0
16,255.0
17,255.0
18,255.0
19,255.0
20,0.0
21,0.0
22,113.0
23,255.0
24,255.0
25,255.0
26,255.0
27,255.0
28,255.0
29,255.0
30,0.0
31,0.0
32,113.0
33,255.0
34,255.0
35,255.0
36,255.0
37,255.0
38,255.0
39,255.0
40,0.0
41,0.0
42,113.0
43,255.0
44,255.0
45,255.0
46,255.0
47,255.0
48,255.0
49,255.0
50,0.0
51,0.0
52,0.8888888888888888
53,2.6666666666666665
54,2.6666666666666665
55,2.6666666666666665
56,2.6666666666666665
57,2.6666666666666665
58,2.6666666666666665
59,2.6666666666666665
60,0.0
61,0.0
62,113.0
63,255.0
64,255.0
65,255.0
66,255.0
67,255.0
68,255.0
69,255.0
70,0.0
71,0.0
72,113.0
73,255.0
74,255.0
75,255.0
76,255.0
77,255.0
78,255.0
79,255.0
80,0.0
81,0.0
82,113.0
83,255.0
84,255.0
85,255.0
86,255.0
87,255.0
88,255.0
89,255.0
90,0.0
91,0.0
92,113.0
93,255.0
94,255.0
95,255.0
96,255.0
97,255.0
98,255.0
99,255.0
