0,255.0
1,255.0
2,255.0
3,255.0
4,255.0
5,240.94444444444446
6,142.55555555555554
7,124.66666666666667
8,165.33333333333334
9,170.0
10,255.0
11,255.0
12,255.0
13,254.11111111111111
14,149.11111111111111
15,26.444444444444443
16,161.61111111111111
17,255.0
18,255.0
19,255.0
20,255.0
21,255.0
22,245.61111111111111
23,81.22222222222223
24,10.38888888888889
25,192.77777777777777
26,255.0
27,255.0
28,255.0
29,255.0
30,255.0
31,249.33333333333334
32,71.72222222222223
33,0.0
34,161.38888888888889
35,255.0
36,255.0
37,255.0
38,255.0
39,255.0
40,255.0
41,110.5
42,0.0
43,70.83333333333333
44,255.0
45,255.0
46,255.0
47,255.0
48,255.0
49,255.0
50,198.44444444444446
51,0.8888888888888888
52,0.0
53,90.44444444444444
54,130.16666666666666
55,130.16666666666666
56,130.16666666666666
57,130.16666666666666
58,130.16666666666666
59,129.27777777777777
60,79.27777777777777
61,0.0
62,76.38888888888889
63,255.0
64,255.0
65,255.0
66,255.0
67,255.0
68,255.0
69,123.61111111111111
70,10.333333333333334
71,0.0
72,187.94444444444446
73,255.0
74,255.0
75,255.0
76,255.0
77,255.0
78,219.11111111111111
79,8.444444444444445
80,0.8888888888888888
81,6.555555555555555
82,251.33333333333334
83,255.0
84,255.0
85,255.0
86,255.0
87,245.61111111111111
88,51.0
89,14.166666666666666
90,53.888888888888886
91,19.666666666666668
92,255.0
93,255.0
94,255.0
95,255.0
96,239.94444444444446
97,66.22222222222223
98,42.5
99,210.61111111111111
