0,255.0
1,255.0
2,255.0
3,255.0
4,246.925
5,174.725
6,186.925
7,193.3
8,177.575
9,122.35
10,255.0
11,255.0
12,255.0
13,239.7
14,150.025
15,250.725
16,255.0
17,255.0
18,255.0
19,76.525
20,255.0
21,255.0
22,255.0
23,142.4
24,252.05
25,255.0
26,255.0
27,255.0
28,206.575
29,51.825
30,255.0
31,255.0
32,217.7
33,177.55
34,231.225
35,132.1
36,131.65
37,130.125
38,104.075
39,246.125
40,255.0
41,255.0
42,143.65
43,251.6
44,255.0
45,255.0
46,255.0
47,254.6
48,67.25
49,195.525
50,255.0
51,248.675
52,144.575
53,255.0
54,255.0
55,255.0
56,255.0
57,255.0
58,85.05
59,130.075
60,255.0
61,167.55
62,213.4
63,255.0
64,255.0
65,255.0
66,255.0
67,230.35
68,18.725
69,206.5
70,255.0
71,109.35
72,178.025
73,255.0
74,255.0
75,255.0
76,213.4
77,82.9
78,187.9
79,255.0
80,217.7
81,181.15
82,209.125
83,188.225
84,193.8
85,181.45
86,187.775
87,251.175
88,255.0
89,255.0
90,145.0
91,252.5
92,255.0
93,255.0
94,255.0
95,255.0
96,255.0
97,255.0
98,255.0
99,255.0
