0,137.16666666666666
1,0.0
2,145.03333333333333
3,255.0
4,255.0
5,255.0
6,255.0
7,255.0
8,123.53333333333333
9,3.933333333333333
10,255.0
11,105.4
12,3.4
13,184.2
14,255.0
15,255.0
16,255.0
17,171.13333333333333
18,0.5333333333333333
19,146.2
20,255.0
21,251.6
22,75.36666666666666
23,15.333333333333334
24,215.3
25,255.0
26,209.16666666666666
27,11.3
28,102.53333333333333
29,255.0
30,255.0
31,255.0
32,244.23333333333332
33,51.0
34,36.8
35,217.66666666666666
36,32.86666666666667
37,64.06666666666666
38,249.9
39,255.0
40,255.0
41,255.0
42,255.0
43,230.63333333333333
44,31.733333333333334
45,6.233333333333333
46,34.53333333333333
47,236.33333333333334
48,255.0
49,255.0
50,255.0
51,255.0
52,255.0
53,255.0
54,117.26666666666667
55,0.0
56,113.23333333333333
57,255.0
58,255.0
59,255.0
60,255.0
61,255.0
62,255.0
63,176.83333333333334
64,2.8
65,108.86666666666666
66,2.2
67,163.23333333333332
68,255.0
69,255.0
70,255.0
71,255.0
72,210.23333333333332
73,13.033333333333333
74,121.8
75,255.0
76,130.33333333333334
77,6.233333333333333
78,190.4
79,255.0
80,255.0
81,234.6
82,32.86666666666667
83,70.8
84,252.2
85,255.0
86,254.46666666666667
87,84.46666666666667
88,16.4
89,213.1
90,249.9
91,62.9
92,31.733333333333334
93,236.93333333333334
94,255.0
95,255.0
96,255.0
97,244.23333333333332
98,48.7
99,31.733333333333334
