0,255.0
1,255.0
2,255.0
3,200.9375
4,79.6875
5,14.75
6,0.0
7,0.0
8,0.0
9,0.0
10,255.0
11,255.0
12,143.625
13,11.6875
14,111.5625
15,170.125
16,140.3125
17,22.3125
18,35.125
19,178.75
20,255.0
21,160.5
22,10.6875
23,197.6875
24,255.0
25,255.0
26,255.0
27,179.5625
28,0.0
29,212.4375
30,229.5
31,12.6875
32,141.3125
33,255.0
34,255.0
35,255.0
36,255.0
37,238.125
38,0.0
39,161.5
40,119.0
41,15.9375
42,246.625
43,255.0
44,255.0
45,255.0
46,255.0
47,222.0
48,0.0
49,160.5
50,35.125
51,89.375
52,255.0
53,255.0
54,255.0
55,255.0
56,255.0
57,172.0625
58,0.0
59,205.0625
60,0.0
61,142.25
62,255.0
63,255.0
64,255.0
65,255.0
66,255.0
67,96.625
68,31.875
69,254.0
70,1.0
71,170.125
72,255.0
73,255.0
74,255.0
75,255.0
76,234.8125
77,10.5625
78,157.25
79,255.0
80,54.0625
81,145.5625
82,255.0
83,255.0
84,255.0
85,255.0
86,89.375
87,84.0
88,255.0
89,255.0
90,194.375
91,47.625
92,238.0625
93,255.0
94,244.4375
95,105.125
96,104.0625
97,250.75
98,255.0
99,255.0
