0,116.54285714285714
1,98.14285714285714
2,155.9142857142857
3,237.05714285714285
4,255.0
5,255.0
6,255.0
7,255.0
8,255.0
9,255.0
10,255.0
11,253.57142857142858
12,196.68571428571428
13,116.08571428571429
14,100.05714285714286
15,158.31428571428572
16,238.4857142857143
17,255.0
18,255.0
19,255.0
20,255.0
21,255.0
22,255.0
23,255.0
24,253.57142857142858
25,194.28571428571428
26,114.68571428571428
27,101.51428571428572
28,160.77142857142857
29,239.97142857142856
30,255.0
31,255.0
32,255.0
33,255.0
34,255.0
35,255.0
36,255.0
37,253.05714285714285
38,192.8
39,114.14285714285714
40,255.0
41,255.0
42,255.0
43,255.0
44,255.0
45,255.0
46,255.0
47,207.9142857142857
48,123.37142857142857
49,96.68571428571428
50,255.0
51,255.0
52,255.0
53,255.0
54,210.31428571428572
55,125.25714285714285
56,98.6
57,145.25714285714287
58,228.77142857142857
59,255.0
60,255.0
61,213.22857142857143
62,127.74285714285715
63,99.11428571428571
64,143.28571428571428
65,227.34285714285716
66,255.0
67,255.0
68,255.0
69,255.0
70,103.82857142857142
71,141.85714285714286
72,225.85714285714286
73,255.0
74,255.0
75,255.0
76,255.0
77,255.0
78,255.0
79,255.0
80,255.0
81,255.0
82,255.0
83,255.0
84,255.0
85,255.0
86,255.0
87,255.0
88,255.0
89,255.0
90,255.0
91,255.0
92,255.0
93,255.0
94,255.0
95,255.0
96,255.0
97,255.0
98,255.0
99,255.0
