0,24.433333333333334
1,57.766666666666666
2,255.0
3,255.0
4,255.0
5,255.0
6,255.0
7,255.0
8,255.0
9,177.96666666666667
10,130.3
11,0.0
12,199.96666666666667
13,255.0
14,255.0
15,255.0
16,255.0
17,255.0
18,255.0
19,67.46666666666667
20,234.6
21,9.033333333333333
22,89.56666666666666
23,255.0
24,255.0
25,255.0
26,255.0
27,255.0
28,211.9
29,0.5333333333333333
30,255.0
31,100.93333333333334
32,5.7
33,229.5
34,255.0
35,255.0
36,255.0
37,255.0
38,101.46666666666667
39,33.46666666666667
40,255.0
41,213.1
42,0.5333333333333333
43,125.83333333333333
44,255.0
45,255.0
46,255.0
47,236.93333333333334
48,9.033333333333333
49,144.56666666666666
50,255.0
51,255.0
52,71.33333333333333
53,22.6
54,248.23333333333332
55,255.0
56,255.0
57,134.8
58,14.733333333333333
59,241.33333333333334
60,255.0
61,255.0
62,184.2
63,0.0
64,162.03333333333333
65,255.0
66,251.06666666666666
67,28.366666666666667
68,114.43333333333334
69,255.0
70,255.0
71,255.0
72,254.46666666666667
73,42.5
74,52.766666666666666
75,255.0
76,168.83333333333334
77,3.4
78,224.5
79,255.0
80,255.0
81,255.0
82,255.0
83,154.06666666666666
84,0.0
85,202.83333333333334
86,64.56666666666666
87,84.33333333333333
88,255.0
89,255.0
90,255.0
91,255.0
92,255.0
93,246.5
94,20.4
95,75.36666666666666
96,1.1333333333333333
97,197.76666666666668
98,255.0
99,255.0
