0,255.0
1,255.0
2,255.0
3,255.0
4,228.55555555555554
5,148.38888888888889
6,79.38888888888889
7,29.333333333333332
8,92.44444444444444
9,170.88888888888889
10,255.0
11,255.0
12,187.83333333333334
13,69.94444444444444
14,1.8888888888888888
15,22.77777777777778
16,144.55555555555554
17,243.61111111111111
18,255.0
19,255.0
20,240.94444444444446
21,82.05555555555556
22,0.0
23,0.0
24,71.55555555555556
25,237.05555555555554
26,255.0
27,255.0
28,255.0
29,255.0
30,59.44444444444444
31,0.0
32,0.0
33,46.27777777777778
34,249.33333333333334
35,255.0
36,255.0
37,255.0
38,255.0
39,255.0
40,0.0
41,0.0
42,0.0
43,155.61111111111111
44,255.0
45,255.0
46,255.0
47,255.0
48,255.0
49,255.0
50,0.0
51,0.0
52,0.0
53,179.16666666666666
54,255.0
55,255.0
56,255.0
57,255.0
58,255.0
59,255.0
60,3.6666666666666665
61,0.0
62,0.0
63,119.05555555555556
64,255.0
65,255.0
66,255.0
67,255.0
68,255.0
69,255.0
70,155.05555555555554
71,1.8888888888888888
72,0.0
73,6.555555555555555
74,198.22222222222223
75,255.0
76,255.0
77,255.0
78,255.0
79,255.0
80,255.0
81,191.72222222222223
82,45.27777777777778
83,0.0
84,9.333333333333334
85,146.5
86,252.22222222222223
87,255.0
88,255.0
89,255.0
90,255.0
91,255.0
92,254.11111111111111
93,181.33333333333334
94,87.77777777777777
95,13.277777777777779
96,34.888888888888886
97,144.55555555555554
98,232.38888888888889
99,255.0
