0,255.0
1,255.0
2,244.85
3,116.55
4,117.35
5,117.25
6,128.3
7,255.0
8,255.0
9,255.0
10,255.0
11,242.35
12,56.9
13,187.8
14,255.0
15,255.0
16,100.3
17,153.8
18,255.0
19,255.0
20,255.0
21,93.55
22,117.25
23,255.0
24,255.0
25,255.0
26,181.9
27,40.75
28,255.0
29,230.3
30,203.1
31,1.7
32,229.5
33,255.0
34,255.0
35,255.0
36,216.6
37,0.0
38,238.95
39,155.5
40,102.1
41,51.8
42,255.0
43,255.0
44,255.0
45,255.0
46,231.25
47,0.0
48,216.6
49,137.8
50,33.1
51,110.55
52,255.0
53,255.0
54,255.0
55,255.0
56,234.6
57,0.0
58,158.7
59,191.25
60,0.8
61,153.9
62,255.0
63,255.0
64,255.0
65,255.0
66,233.0
67,0.0
68,95.95
69,255.0
70,3.3
71,181.15
72,255.0
73,255.0
74,255.0
75,255.0
76,231.4
77,0.0
78,197.05
79,255.0
80,48.4
81,169.15
82,255.0
83,255.0
84,255.0
85,255.0
86,189.55
87,0.0
88,209.1
89,255.0
90,152.2
91,99.5
92,255.0
93,255.0
94,255.0
95,168.35
96,157.35
97,39.15
98,194.8
99,202.3
