0,0.0
1,2.0833333333333335
2,25.5
3,25.5
4,25.5
5,24.166666666666668
6,22.833333333333332
7,22.833333333333332
8,22.833333333333332
9,22.833333333333332
10,0.0
11,21.0
12,255.0
13,255.0
14,255.0
15,255.0
16,255.0
17,255.0
18,255.0
19,255.0
20,0.0
21,21.0
22,255.0
23,255.0
24,255.0
25,255.0
26,255.0
27,255.0
28,255.0
29,255.0
30,0.0
31,21.0
32,255.0
33,255.0
34,255.0
35,255.0
36,255.0
37,255.0
38,255.0
39,255.0
40,0.0
41,14.0
42,172.66666666666666
43,172.66666666666666
44,172.66666666666666
45,172.66666666666666
46,172.66666666666666
47,172.66666666666666
48,172.66666666666666
49,220.91666666666666
50,0.0
51,7.0
52,85.0
53,85.0
54,85.0
55,85.0
56,85.0
57,85.0
58,85.0
59,184.0
60,0.0
61,21.0
62,255.0
63,255.0
64,255.0
65,255.0
66,255.0
67,255.0
68,255.0
69,255.0
70,0.0
71,21.0
72,255.0
73,255.0
74,255.0
75,255.0
76,255.0
77,255.0
78,255.0
79,255.0
80,0.0
81,21.0
82,255.0
83,255.0
84,255.0
85,255.0
86,255.0
87,255.0
88,255.0
89,255.0
90,0.0
91,19.583333333333332
92,232.95833333333334
93,229.5
94,229.5
95,229.5
96,229.5
97,229.5
98,226.5
99,226.5
