0,71.36666666666666
1,234.5
2,220.15
3,186.08333333333334
4,255.0
5,255.0
6,255.0
7,255.0
8,255.0
9,255.0
10,149.6
11,234.5
12,220.45
13,187.58333333333334
14,255.0
15,255.0
16,255.0
17,255.0
18,255.0
19,255.0
20,149.6
21,234.5
22,255.0
23,255.0
24,255.0
25,255.0
26,255.0
27,255.0
28,255.0
29,255.0
30,149.6
31,234.5
32,249.1
33,239.08333333333334
34,254.43333333333334
35,233.16666666666666
36,248.46666666666667
37,231.76666666666668
38,255.0
39,229.8
40,149.6
41,234.5
42,170.56666666666666
43,132.5
44,222.91666666666666
45,76.5
46,192.08333333333334
47,155.78333333333333
48,180.78333333333333
49,209.6
50,149.6
51,234.5
52,251.33333333333334
53,132.5
54,255.0
55,109.41666666666667
56,241.93333333333334
57,224.15
58,122.66666666666667
59,255.0
60,149.6
61,234.5
62,251.6
63,132.5
64,255.0
65,121.63333333333334
66,255.0
67,229.5
68,146.21666666666667
69,255.0
70,149.6
71,234.5
72,251.6
73,132.5
74,255.0
75,124.1
76,255.0
77,229.5
78,149.6
79,255.0
80,149.6
81,234.5
82,251.6
83,132.5
84,255.0
85,124.1
86,255.0
87,229.5
88,149.6
89,255.0
90,149.6
91,234.5
92,251.6
93,132.5
94,255.0
95,124.1
96,255.0
97,229.5
98,149.6
99,255.0
