0,255.0
1,255.0
2,255.0
3,216.0
4,117.66666666666667
5,51.708333333333336
6,14.125
7,0.6666666666666666
8,7.666666666666667
9,38.25
10,255.0
11,250.08333333333334
12,118.25
13,2.8333333333333335
14,49.625
15,165.75
16,225.95833333333334
17,245.16666666666666
18,231.0
19,186.33333333333334
20,254.33333333333334
21,85.0
22,0.0
23,109.75
24,252.16666666666666
25,255.0
26,255.0
27,255.0
28,255.0
29,255.0
30,160.16666666666666
31,0.0
32,68.0
33,254.33333333333334
34,255.0
35,255.0
36,255.0
37,255.0
38,255.0
39,255.0
40,53.75
41,0.0
42,187.625
43,255.0
44,255.0
45,255.0
46,255.0
47,255.0
48,255.0
49,255.0
50,4.166666666666667
51,0.0
52,239.5
53,255.0
54,255.0
55,255.0
56,255.0
57,255.0
58,255.0
59,255.0
60,15.541666666666666
61,0.0
62,223.16666666666666
63,255.0
64,255.0
65,255.0
66,255.0
67,198.25
68,170.0
69,170.0
70,94.125
71,0.0
72,143.125
73,255.0
74,255.0
75,255.0
76,255.0
77,141.5
78,85.0
79,85.0
80,223.79166666666666
81,12.708333333333334
82,18.416666666666668
83,221.04166666666666
84,255.0
85,255.0
86,255.0
87,255.0
88,255.0
89,255.0
90,255.0
91,192.70833333333334
92,16.291666666666668
93,25.458333333333332
94,179.95833333333334
95,255.0
96,255.0
97,255.0
98,255.0
99,255.0
