0,255.0
1,5.333333333333333
2,0.0
3,0.0
4,0.0
5,0.0
6,0.0
7,0.0
8,0.0
9,0.0
10,255.0
11,5.333333333333333
12,0.0
13,159.0
14,246.66666666666666
15,246.66666666666666
16,246.66666666666666
17,246.66666666666666
18,246.66666666666666
19,246.66666666666666
20,255.0
21,5.333333333333333
22,0.0
23,164.66666666666666
24,255.0
25,255.0
26,255.0
27,255.0
28,255.0
29,255.0
30,255.0
31,5.333333333333333
32,0.0
33,164.66666666666666
34,254.11111111111111
35,230.44444444444446
36,214.27777777777777
37,228.44444444444446
38,254.11111111111111
39,255.0
40,255.0
41,5.333333333333333
42,0.0
43,49.22222222222222
44,17.944444444444443
45,24.555555555555557
46,43.388888888888886
47,17.055555555555557
48,16.055555555555557
49,89.77777777777777
50,255.0
51,8.11111111111111
52,2.6666666666666665
53,73.61111111111111
54,212.5
55,255.0
56,255.0
57,253.11111111111111
58,164.44444444444446
59,6.555555555555555
60,255.0
61,255.0
62,255.0
63,255.0
64,255.0
65,255.0
66,255.0
67,255.0
68,255.0
69,106.77777777777777
70,255.0
71,255.0
72,255.0
73,255.0
74,255.0
75,255.0
76,255.0
77,255.0
78,255.0
79,134.22222222222223
80,163.44444444444446
81,216.27777777777777
82,255.0
83,255.0
84,255.0
85,255.0
86,255.0
87,255.0
88,244.61111111111111
89,46.166666666666664
90,76.55555555555556
91,3.7777777777777777
92,80.33333333333333
93,154.83333333333334
94,197.44444444444446
95,211.61111111111111
96,196.44444444444446
97,142.66666666666666
98,36.833333333333336
99,0.0
