0,0.0
1,2.8333333333333335
2,25.5
3,25.5
4,25.5
5,18.375
6,16.958333333333332
7,57.375
8,134.5
9,238.04166666666666
10,0.0
11,29.5
12,255.0
13,255.0
14,255.0
15,255.0
16,241.54166666666666
17,167.16666666666666
18,31.208333333333332
19,24.791666666666668
20,0.0
21,29.5
22,255.0
23,255.0
24,255.0
25,255.0
26,255.0
27,255.0
28,216.16666666666666
29,0.6666666666666666
30,0.0
31,29.5
32,255.0
33,255.0
34,255.0
35,255.0
36,255.0
37,255.0
38,250.83333333333334
39,7.666666666666667
40,0.0
41,29.5
42,255.0
43,255.0
44,255.0
45,255.0
46,255.0
47,252.16666666666666
48,117.54166666666667
49,0.0
50,0.0
51,16.166666666666668
52,144.5
53,144.5
54,144.5
55,136.58333333333334
56,109.08333333333333
57,35.5
58,15.541666666666666
59,137.5
60,0.0
61,8.5
62,127.5
63,127.5
64,127.5
65,128.16666666666666
66,140.95833333333334
67,182.04166666666666
68,246.45833333333334
69,255.0
70,0.0
71,17.0
72,255.0
73,255.0
74,255.0
75,255.0
76,255.0
77,255.0
78,255.0
79,255.0
80,0.0
81,17.0
82,255.0
83,255.0
84,255.0
85,255.0
86,255.0
87,255.0
88,255.0
89,255.0
90,0.0
91,17.0
92,255.0
93,255.0
94,255.0
95,255.0
96,255.0
97,255.0
98,255.0
99,255.0
