0,255.0
1,255.0
2,255.0
3,216.0
4,117.66666666666667
5,51.708333333333336
6,14.125
7,1.3333333333333333
8,7.666666666666667
9,31.208333333333332
10,255.0
11,250.08333333333334
12,117.58333333333333
13,2.8333333333333335
14,56.625
15,168.58333333333334
16,225.875
17,244.5
18,230.25
19,189.91666666666666
20,253.58333333333334
21,82.83333333333333
22,0.0
23,123.25
24,254.33333333333334
25,255.0
26,255.0
27,255.0
28,255.0
29,255.0
30,155.125
31,0.0
32,79.875
33,255.0
34,255.0
35,255.0
36,255.0
37,255.0
38,255.0
39,255.0
40,45.333333333333336
41,0.0
42,194.875
43,255.0
44,255.0
45,255.0
46,255.0
47,255.0
48,255.0
49,255.0
50,2.0833333333333335
51,0.0
52,240.25
53,255.0
54,255.0
55,255.0
56,255.0
57,255.0
58,255.0
59,255.0
60,20.5
61,0.0
62,219.54166666666666
63,255.0
64,255.0
65,255.0
66,255.0
67,255.0
68,255.0
69,255.0
70,101.29166666666667
71,0.0
72,130.45833333333334
73,255.0
74,255.0
75,255.0
76,255.0
77,255.0
78,255.0
79,255.0
80,233.08333333333334
81,24.083333333333332
82,11.375
83,205.41666666666666
84,255.0
85,255.0
86,255.0
87,255.0
88,255.0
89,255.0
90,255.0
91,213.91666666666666
92,31.791666666666668
93,12.708333333333334
94,151.5
95,249.29166666666666
96,255.0
97,255.0
98,255.0
99,255.0
