0,255.0
1,202.6
2,255.0
3,255.0
4,255.0
5,255.0
6,255.0
7,255.0
8,255.0
9,255.0
10,235.15
11,188.7
12,255.0
13,255.0
14,255.0
15,255.0
16,255.0
17,255.0
18,255.0
19,255.0
20,136.53333333333333
21,157.25
22,228.93333333333334
23,255.0
24,229.76666666666668
25,201.08333333333334
26,255.0
27,251.58333333333334
28,192.65
29,239.73333333333332
30,141.46666666666667
31,140.13333333333333
32,214.96666666666667
33,253.6
34,194.95
35,210.78333333333333
36,171.95
37,249.3
38,93.2
39,186.41666666666666
40,190.3
41,188.7
42,255.0
43,225.6
44,145.98333333333332
45,255.0
46,125.5
47,255.0
48,148.0
49,207.91666666666666
50,190.3
51,188.7
52,255.0
53,251.58333333333334
54,220.38333333333333
55,222.41666666666666
56,114.45
57,255.0
58,148.0
59,230.03333333333333
60,190.3
61,188.7
62,251.01666666666668
63,253.6
64,130.05
65,210.5
66,123.56666666666666
67,255.0
68,148.0
69,231.1
70,190.3
71,188.7
72,210.8
73,186.16666666666666
74,172.53333333333333
75,255.0
76,123.0
77,234.08333333333334
78,148.0
79,231.1
80,202.58333333333334
81,178.75
82,209.65
83,155.85
84,203.43333333333334
85,252.71666666666667
86,105.31666666666666
87,211.48333333333332
88,147.7
89,231.1
90,249.35
91,127.7
92,201.7
93,226.66666666666666
94,129.98333333333332
95,185.55
96,146.16666666666666
97,194.86666666666667
98,98.21666666666667
99,159.5
