0,0.0
1,0.0
2,209.33333333333334
3,255.0
4,255.0
5,255.0
6,255.0
7,255.0
8,16.666666666666668
9,0.0
10,0.0
11,0.0
12,209.33333333333334
13,255.0
14,255.0
15,255.0
16,255.0
17,255.0
18,16.666666666666668
19,0.0
20,0.0
21,0.0
22,209.33333333333334
23,255.0
24,255.0
25,255.0
26,255.0
27,255.0
28,16.666666666666668
29,0.0
30,0.0
31,0.0
32,209.33333333333334
33,255.0
34,255.0
35,255.0
36,255.0
37,255.0
38,16.666666666666668
39,0.0
40,0.0
41,0.0
42,209.33333333333334
43,255.0
44,255.0
45,255.0
46,255.0
47,255.0
48,16.666666666666668
49,0.0
50,0.0
51,0.0
52,209.33333333333334
53,255.0
54,255.0
55,255.0
56,255.0
57,255.0
58,16.666666666666668
59,0.0
60,0.0
61,0.0
62,209.33333333333334
63,255.0
64,255.0
65,255.0
66,255.0
67,255.0
68,15.333333333333334
69,0.0
70,0.0
71,0.0
72,209.33333333333334
73,255.0
74,255.0
75,255.0
76,255.0
77,236.58333333333334
78,1.3333333333333333
79,0.0
80,0.0
81,0.0
82,178.33333333333334
83,255.0
84,255.0
85,255.0
86,238.08333333333334
87,76.58333333333333
88,0.0
89,0.0
90,24.083333333333332
91,0.0
92,9.833333333333334
93,70.91666666666667
94,86.25
95,63.75
96,8.5
97,73.58333333333333
98,19.833333333333332
99,0.0
