0,255.0
1,255.0
2,255.0
3,255.0
4,255.0
5,255.0
6,214.27777777777777
7,31.11111111111111
8,0.0
9,0.0
10,255.0
11,255.0
12,255.0
13,255.0
14,255.0
15,194.55555555555554
16,16.944444444444443
17,84.88888888888889
18,0.0
19,0.0
20,255.0
21,255.0
22,255.0
23,255.0
24,172.88888888888889
25,7.611111111111111
26,54.77777777777778
27,223.83333333333334
28,0.0
29,0.0
30,255.0
31,255.0
32,255.0
33,147.22222222222223
34,1.8888888888888888
35,46.22222222222222
36,237.05555555555554
37,232.33333333333334
38,0.0
39,0.0
40,255.0
41,254.11111111111111
42,118.16666666666667
43,0.0
44,52.888888888888886
45,236.05555555555554
46,255.0
47,232.33333333333334
48,0.0
49,0.0
50,249.33333333333334
51,90.66666666666667
52,0.0
53,63.333333333333336
54,240.83333333333334
55,255.0
56,255.0
57,232.33333333333334
58,0.0
59,0.0
60,67.88888888888889
61,0.0
62,52.888888888888886
63,205.94444444444446
64,212.5
65,212.5
66,212.5
67,193.61111111111111
68,0.0
69,0.0
70,45.166666666666664
71,45.166666666666664
72,45.166666666666664
73,45.166666666666664
74,45.166666666666664
75,45.166666666666664
76,45.166666666666664
77,35.77777777777778
78,0.0
79,0.0
80,255.0
81,255.0
82,255.0
83,255.0
84,255.0
85,255.0
86,255.0
87,204.0
88,0.0
89,0.0
90,255.0
91,255.0
92,255.0
93,255.0
94,255.0
95,255.0
96,255.0
97,204.0
98,0.0
99,0.0
