0,255.0
1,238.70833333333334
2,118.95833333333333
3,33.375
4,2.0833333333333335
5,28.25
6,133.20833333333334
7,253.58333333333334
8,255.0
9,255.0
10,219.625
11,70.08333333333333
12,157.83333333333334
13,220.16666666666666
14,234.54166666666666
15,199.79166666666666
16,89.29166666666667
17,128.16666666666666
18,255.0
19,255.0
20,101.33333333333333
21,245.79166666666666
22,255.0
23,255.0
24,255.0
25,255.0
26,255.0
27,106.25
28,232.33333333333334
29,255.0
30,243.625
31,255.0
32,255.0
33,255.0
34,255.0
35,255.0
36,255.0
37,222.45833333333334
38,153.0
39,165.08333333333334
40,255.0
41,255.0
42,255.0
43,255.0
44,255.0
45,255.0
46,255.0
47,255.0
48,108.45833333333333
49,127.41666666666667
50,255.0
51,255.0
52,255.0
53,255.0
54,255.0
55,255.0
56,255.0
57,255.0
58,38.125
59,233.08333333333334
60,255.0
61,255.0
62,255.0
63,255.0
64,255.0
65,255.0
66,255.0
67,236.58333333333334
68,110.41666666666667
69,255.0
70,255.0
71,255.0
72,255.0
73,255.0
74,255.0
75,255.0
76,255.0
77,137.375
78,174.25
79,255.0
80,255.0
81,255.0
82,255.0
83,255.0
84,255.0
85,255.0
86,254.33333333333334
87,44.0
88,241.54166666666666
89,255.0
90,255.0
91,255.0
92,255.0
93,255.0
94,255.0
95,255.0
96,196.29166666666666
97,92.125
98,255.0
99,255.0
