0,255.0
1,255.0
2,255.0
3,255.0
4,122.43333333333334
5,15.266666666666667
6,224.93333333333334
7,255.0
8,255.0
9,255.0
10,255.0
11,255.0
12,255.0
13,255.0
14,85.03333333333333
15,0.0
16,199.46666666666667
17,255.0
18,255.0
19,255.0
20,255.0
21,255.0
22,255.0
23,255.0
24,232.93333333333334
25,180.16666666666666
26,255.0
27,255.0
28,255.0
29,255.0
30,255.0
31,255.0
32,255.0
33,255.0
34,255.0
35,255.0
36,255.0
37,255.0
38,255.0
39,255.0
40,255.0
41,255.0
42,255.0
43,255.0
44,255.0
45,255.0
46,255.0
47,255.0
48,255.0
49,255.0
50,64.0
51,57.8
52,57.8
53,57.8
54,57.8
55,57.8
56,57.8
57,57.8
58,57.8
59,57.8
60,255.0
61,255.0
62,255.0
63,255.0
64,255.0
65,255.0
66,255.0
67,255.0
68,255.0
69,255.0
70,255.0
71,255.0
72,255.0
73,255.0
74,255.0
75,255.0
76,255.0
77,255.0
78,255.0
79,255.0
80,255.0
81,255.0
82,255.0
83,255.0
84,193.23333333333332
85,112.2
86,248.76666666666668
87,255.0
88,255.0
89,255.0
90,255.0
91,255.0
92,255.0
93,255.0
94,73.2
95,0.0
96,189.2
97,255.0
98,255.0
99,255.0
