0,-0.84
1,-0.8
2,-0.66
3,-0.36
4,0.12
5,0.8
6,-0.2
7,-1.0
8,-1.0
9,-1.0
10,0.6
11,0.54
12,0.38
13,0.3
14,1.0
15,1.0
16,-0.2
17,-1.0
18,-1.0
19,-1.0
20,-1.0
21,-1.0
22,-1.0
23,-0.6
24,1.0
25,1.0
26,-0.2
27,-1.0
28,-1.0
29,-1.0
30,-1.0
31,-1.0
32,-1.0
33,-0.6
34,1.0
35,1.0
36,-0.2
37,-1.0
38,-1.0
39,-1.0
40,-1.0
41,-1.0
42,-1.0
43,-0.6
44,1.0
45,1.0
46,-0.2
47,-1.0
48,-1.0
49,-1.0
50,-1.0
51,-1.0
52,-1.0
53,-0.6
54,1.0
55,1.0
56,-0.2
57,-1.0
58,-1.0
59,-1.0
60,-1.0
61,-1.0
62,-1.0
63,-0.6
64,1.0
65,1.0
66,-0.2
67,-1.0
68,-1.0
69,-1.0
70,-1.0
71,-1.0
72,-1.0
73,-0.6
74,1.0
75,1.0
76,-0.2
77,-1.0
78,-1.0
79,-1.0
80,-1.0
81,-1.0
82,-1.0
83,-0.6
84,1.0
85,1.0
86,-0.2
87,-1.0
88,-1.0
89,-1.0
90,0.8
91,0.8
92,0.8
93,0.84
94,1.0
95,1.0
96,0.88
97,0.8
98,0.8
99,0.8
