0,255.0
1,255.0
2,255.0
3,255.0
4,255.0
5,255.0
6,255.0
7,167.45
8,217.15
9,255.0
10,255.0
11,255.0
12,255.0
13,255.0
14,255.0
15,255.0
16,255.0
17,215.45
18,160.65
19,255.0
20,255.0
21,255.0
22,255.0
23,255.0
24,255.0
25,255.0
26,255.0
27,255.0
28,110.05
29,255.0
30,255.0
31,255.0
32,255.0
33,255.0
34,255.0
35,255.0
36,255.0
37,255.0
38,155.175
39,188.35
40,155.55
41,153.0
42,153.0
43,153.0
44,153.0
45,153.0
46,153.0
47,153.0
48,150.9
49,37.0
50,162.35
51,159.8
52,159.8
53,159.8
54,159.8
55,159.8
56,159.8
57,159.8
58,157.25
59,39.9
60,255.0
61,255.0
62,255.0
63,255.0
64,255.0
65,255.0
66,255.0
67,255.0
68,153.875
69,192.5
70,255.0
71,255.0
72,255.0
73,255.0
74,255.0
75,255.0
76,255.0
77,255.0
78,115.15
79,255.0
80,255.0
81,255.0
82,255.0
83,255.0
84,255.0
85,255.0
86,255.0
87,215.45
88,162.8
89,255.0
90,255.0
91,255.0
92,255.0
93,255.0
94,255.0
95,255.0
96,255.0
97,167.45
98,218.85
99,255.0
