0,255.0
1,255.0
2,255.0
3,255.0
4,255.0
5,244.5
6,61.5
7,0.0
8,0.0
9,0.0
10,255.0
11,255.0
12,255.0
13,255.0
14,255.0
15,127.5
16,0.0
17,0.0
18,0.0
19,0.0
20,255.0
21,255.0
22,255.0
23,255.0
24,234.0
25,10.5
26,0.0
27,0.0
28,0.0
29,10.5
30,255.0
31,255.0
32,255.0
33,255.0
34,106.125
35,0.0
36,0.0
37,0.0
38,2.0
39,180.75
40,255.0
41,255.0
42,255.0
43,218.875
44,4.25
45,0.0
46,0.0
47,0.0
48,144.5
49,255.0
50,255.0
51,255.0
52,255.0
53,85.125
54,0.0
55,0.0
56,0.0
57,105.875
58,255.0
59,255.0
60,255.0
61,255.0
62,201.75
63,0.0
64,0.0
65,0.0
66,72.25
67,253.0
68,255.0
69,255.0
70,255.0
71,255.0
72,63.75
73,0.0
74,0.0
75,44.375
76,242.25
77,255.0
78,255.0
79,255.0
80,255.0
81,180.75
82,0.0
83,0.0
84,23.375
85,223.125
86,255.0
87,255.0
88,255.0
89,255.0
90,253.0
91,44.375
92,0.0
93,8.5
94,199.75
95,255.0
96,255.0
97,255.0
98,255.0
99,255.0
