0,255.0
1,255.0
2,255.0
3,218.5
4,119.8
5,55.1
6,52.6
7,56.0
8,57.8
9,57.8
10,255.0
11,249.1
12,111.45
13,58.5
14,175.1
15,246.6
16,255.0
17,255.0
18,255.0
19,255.0
20,252.5
21,74.9
22,126.8
23,254.2
24,255.0
25,255.0
26,255.0
27,255.0
28,255.0
29,255.0
30,142.85
31,90.95
32,255.0
33,255.0
34,255.0
35,255.0
36,255.0
37,255.0
38,255.0
39,255.0
40,40.75
41,210.85
42,255.0
43,255.0
44,255.0
45,255.0
46,255.0
47,255.0
48,255.0
49,255.0
50,3.3
51,56.1
52,57.8
53,57.8
54,57.8
55,57.8
56,57.8
57,57.8
58,57.8
59,57.8
60,30.6
61,224.4
62,255.0
63,255.0
64,255.0
65,255.0
66,255.0
67,255.0
68,255.0
69,255.0
70,119.75
71,118.95
72,255.0
73,255.0
74,255.0
75,255.0
76,255.0
77,255.0
78,255.0
79,255.0
80,244.75
81,46.65
82,169.9
83,255.0
84,255.0
85,255.0
86,255.0
87,255.0
88,255.0
89,255.0
90,255.0
91,234.65
92,67.2
93,100.3
94,219.3
95,255.0
96,255.0
97,255.0
98,255.0
99,255.0
