0,255.0
1,255.0
2,255.0
3,255.0
4,255.0
5,255.0
6,255.0
7,255.0
8,255.0
9,113.0
10,255.0
11,255.0
12,255.0
13,255.0
14,255.0
15,255.0
16,255.0
17,255.0
18,255.0
19,113.0
20,255.0
21,255.0
22,255.0
23,255.0
24,255.0
25,255.0
26,255.0
27,255.0
28,255.0
29,113.0
30,255.0
31,255.0
32,255.0
33,255.0
34,255.0
35,255.0
36,255.0
37,255.0
38,255.0
39,113.0
40,255.0
41,225.77777777777777
42,112.44444444444444
43,40.72222222222222
44,8.333333333333334
45,5.666666666666667
46,27.333333333333332
47,64.22222222222223
48,126.61111111111111
49,81.88888888888889
50,186.22222222222223
51,12.277777777777779
52,0.0
53,82.11111111111111
54,186.16666666666666
55,239.94444444444446
56,255.0
57,236.05555555555554
58,170.0
59,31.22222222222222
60,17.944444444444443
61,0.0
62,105.72222222222223
63,255.0
64,255.0
65,255.0
66,255.0
67,255.0
68,255.0
69,96.33333333333333
70,0.0
71,0.0
72,195.33333333333334
73,255.0
74,255.0
75,255.0
76,255.0
77,255.0
78,255.0
79,96.33333333333333
80,1.8888888888888888
81,0.0
82,160.38888888888889
83,255.0
84,255.0
85,255.0
86,255.0
87,255.0
88,255.0
89,96.33333333333333
90,112.16666666666667
91,0.0
92,19.833333333333332
93,182.22222222222223
94,255.0
95,255.0
96,255.0
97,255.0
98,220.05555555555554
99,39.611111111111114
