0,98.41666666666667
1,90.66666666666667
2,90.66666666666667
3,90.66666666666667
4,90.66666666666667
5,90.66666666666667
6,90.66666666666667
7,90.66666666666667
8,90.66666666666667
9,57.416666666666664
10,255.0
11,255.0
12,255.0
13,255.0
14,255.0
15,255.0
16,255.0
17,255.0
18,255.0
19,161.75
20,255.0
21,255.0
22,255.0
23,255.0
24,255.0
25,255.0
26,255.0
27,255.0
28,255.0
29,161.75
30,255.0
31,255.0
32,255.0
33,255.0
34,255.0
35,255.0
36,255.0
37,255.0
38,255.0
39,161.75
40,255.0
41,255.0
42,255.0
43,255.0
44,255.0
45,255.0
46,255.0
47,255.0
48,255.0
49,161.75
50,140.95833333333334
51,90.66666666666667
52,90.66666666666667
53,90.66666666666667
54,90.66666666666667
55,90.66666666666667
56,90.66666666666667
57,90.66666666666667
58,90.66666666666667
59,57.416666666666664
60,255.0
61,255.0
62,255.0
63,255.0
64,255.0
65,255.0
66,255.0
67,255.0
68,255.0
69,161.75
70,255.0
71,255.0
72,255.0
73,255.0
74,255.0
75,255.0
76,255.0
77,255.0
78,255.0
79,161.75
80,255.0
81,255.0
82,255.0
83,255.0
84,255.0
85,255.0
86,255.0
87,255.0
88,255.0
89,161.75
90,255.0
91,255.0
92,255.0
93,255.0
94,255.0
95,255.0
96,255.0
97,255.0
98,255.0
99,161.75
