0,3.4
1,133.4
2,255.0
3,255.0
4,244.75
5,4.2
6,115.55
7,255.0
8,255.0
9,255.0
10,53.5
11,74.0
12,255.0
13,255.0
14,190.45
15,6.8
16,57.05
17,255.0
18,255.0
19,232.9
20,114.75
21,16.15
22,253.3
23,255.0
24,130.9
25,60.3
26,5.9
27,247.4
28,255.0
29,174.3
30,176.0
31,0.0
32,210.85
33,255.0
34,73.1
35,142.9
36,2.5
37,192.95
38,255.0
39,113.95
40,235.4
41,0.8
42,153.0
43,253.3
44,16.15
45,200.6
46,44.15
47,135.15
48,255.0
49,55.35
50,255.0
51,42.55
52,97.8
53,213.35
54,5.9
55,248.2
56,100.3
57,78.2
58,246.6
59,5.0
60,255.0
61,103.7
62,46.0
63,160.75
64,56.15
65,255.0
66,157.35
67,23.7
68,197.15
69,0.0
70,255.0
71,164.95
72,5.0
73,107.15
74,115.55
75,255.0
76,215.05
77,0.0
78,122.5
79,17.85
80,255.0
81,227.0
82,0.0
83,34.8
84,175.1
85,255.0
86,254.2
87,18.65
88,39.95
89,77.3
90,255.0
91,255.0
92,31.4
93,0.8
94,234.6
95,255.0
96,255.0
97,73.9
98,0.0
99,137.75
