0,255.0
1,255.0
2,255.0
3,255.0
4,255.0
5,255.0
6,255.0
7,255.0
8,255.0
9,202.14814814814815
10,255.0
11,255.0
12,255.0
13,255.0
14,255.0
15,255.0
16,255.0
17,255.0
18,198.33333333333334
19,42.851851851851855
20,255.0
21,255.0
22,255.0
23,255.0
24,255.0
25,255.0
26,255.0
27,193.92592592592592
28,44.0
29,221.7037037037037
30,255.0
31,255.0
32,255.0
33,255.0
34,255.0
35,255.0
36,189.4814814814815
37,45.851851851851855
38,224.14814814814815
39,255.0
40,255.0
41,255.0
42,255.0
43,255.0
44,255.0
45,185.85185185185185
46,46.51851851851852
47,226.66666666666666
48,255.0
49,255.0
50,255.0
51,255.0
52,255.0
53,255.0
54,182.0
55,47.851851851851855
56,229.77777777777777
57,255.0
58,255.0
59,255.0
60,255.0
61,255.0
62,255.0
63,176.88888888888889
64,50.44444444444444
65,233.0
66,255.0
67,255.0
68,255.0
69,255.0
70,255.0
71,255.0
72,171.85185185185185
73,52.18518518518518
74,234.92592592592592
75,255.0
76,255.0
77,255.0
78,255.0
79,255.0
80,255.0
81,167.4814814814815
82,55.96296296296296
83,236.7037037037037
84,255.0
85,255.0
86,255.0
87,255.0
88,255.0
89,255.0
90,163.1851851851852
91,57.81481481481482
92,238.62962962962962
93,255.0
94,255.0
95,255.0
96,255.0
97,255.0
98,255.0
99,255.0
