0,-1.0
1,-0.54
2,0.36
3,0.82
4,0.92
5,1.0
6,0.72
7,0.24
8,-0.58
9,-1.0
10,-0.14
11,0.9
12,-0.22
13,-0.86
14,-1.0
15,-0.9
16,-0.4
17,0.7
18,0.98
19,-0.08
20,0.56
21,-0.3
22,-1.0
23,-1.0
24,-1.0
25,-1.0
26,-1.0
27,-0.82
28,0.96
29,1.0
30,-0.98
31,-1.0
32,-1.0
33,-1.0
34,-1.0
35,-1.0
36,-1.0
37,-0.94
38,0.9
39,1.0
40,-1.0
41,-1.0
42,-1.0
43,-1.0
44,-1.0
45,-1.0
46,-1.0
47,0.1
48,1.0
49,0.06
50,-1.0
51,-1.0
52,-1.0
53,-1.0
54,-1.0
55,-0.8
56,0.4
57,0.8
58,-0.34
59,-1.0
60,-1.0
61,-1.0
62,-1.0
63,-0.92
64,-0.06
65,0.78
66,-0.04
67,-0.92
68,-1.0
69,-1.0
70,-1.0
71,-1.0
72,-0.3
73,0.74
74,0.16
75,-0.82
76,-1.0
77,-1.0
78,-1.0
79,-1.0
80,-0.64
81,0.5
82,0.46
83,-0.68
84,-1.0
85,-1.0
86,-1.0
87,-1.0
88,-1.0
89,-1.0
90,0.6
91,1.0
92,1.0
93,1.0
94,1.0
95,1.0
96,1.0
97,1.0
98,1.0
99,1.0
