0,-1.0
1,-0.68
2,0.2
3,0.7
4,0.82
5,0.8
6,0.76
7,0.28
8,-0.6
9,-1.0
10,-0.46
11,0.94
12,0.4
13,-0.78
14,-1.0
15,-1.0
16,-0.82
17,0.24
18,0.98
19,-0.24
20,0.38
21,1.0
22,-0.6
23,-1.0
24,-1.0
25,-1.0
26,-1.0
27,-0.78
28,1.0
29,0.52
30,-0.48
31,0.86
32,0.3
33,-0.86
34,-1.0
35,-1.0
36,-0.9
37,0.16
38,0.92
39,-0.36
40,-1.0
41,-0.86
42,0.18
43,0.98
44,0.68
45,0.66
46,0.96
47,0.3
48,-0.78
49,-1.0
50,-0.68
51,0.54
52,0.68
53,-0.34
54,-0.78
55,-0.8
56,-0.42
57,0.56
58,0.62
59,-0.58
60,0.8
61,1.0
62,-0.74
63,-1.0
64,-1.0
65,-1.0
66,-1.0
67,-0.88
68,0.9
69,0.9
70,0.96
71,1.0
72,-0.86
73,-1.0
74,-1.0
75,-1.0
76,-1.0
77,-0.96
78,0.88
79,1.0
80,-0.22
81,0.98
82,0.46
83,-0.7
84,-1.0
85,-1.0
86,-0.76
87,0.3
88,0.98
89,-0.06
90,-1.0
91,-0.68
92,0.16
93,0.7
94,0.84
95,0.84
96,0.76
97,0.26
98,-0.58
99,-1.0
