0,255.0
1,237.05555555555554
2,130.27777777777777
3,54.77777777777778
4,14.166666666666666
5,1.8888888888888888
6,19.72222222222222
7,65.16666666666667
8,140.77777777777777
9,97.94444444444444
10,196.44444444444446
11,19.833333333333332
12,0.0
13,53.72222222222222
14,166.33333333333334
15,226.66666666666666
16,247.55555555555554
17,222.0
18,129.38888888888889
19,3.7777777777777777
20,21.61111111111111
21,0.0
22,85.0
23,252.22222222222223
24,255.0
25,255.0
26,255.0
27,255.0
28,255.0
29,95.33333333333333
30,0.0
31,0.0
32,194.33333333333334
33,255.0
34,255.0
35,255.0
36,255.0
37,255.0
38,255.0
39,113.0
40,1.8888888888888888
41,0.0
42,148.33333333333334
43,255.0
44,255.0
45,255.0
46,255.0
47,255.0
48,255.0
49,112.11111111111111
50,111.27777777777777
51,0.0
52,10.38888888888889
53,159.5
54,252.22222222222223
55,255.0
56,255.0
57,255.0
58,220.05555555555554
59,45.27777777777778
60,254.11111111111111
61,145.44444444444446
62,24.5
63,0.0
64,22.666666666666668
65,74.61111111111111
66,85.0
67,57.666666666666664
68,69.83333333333333
69,50.94444444444444
70,255.0
71,255.0
72,252.22222222222223
73,206.77777777777777
74,175.66666666666666
75,176.55555555555554
76,202.11111111111111
77,243.61111111111111
78,255.0
79,96.33333333333333
80,255.0
81,255.0
82,255.0
83,255.0
84,255.0
85,255.0
86,255.0
87,255.0
88,255.0
89,96.33333333333333
90,255.0
91,255.0
92,255.0
93,255.0
94,255.0
95,255.0
96,255.0
97,255.0
98,255.0
99,96.33333333333333
