0,255.0
1,255.0
2,255.0
3,242.0
4,89.46666666666667
5,255.0
6,255.0
7,255.0
8,255.0
9,255.0
10,255.0
11,255.0
12,255.0
13,255.0
14,242.0
15,255.0
16,255.0
17,255.0
18,255.0
19,255.0
20,255.0
21,255.0
22,255.0
23,255.0
24,255.0
25,255.0
26,255.0
27,255.0
28,255.0
29,255.0
30,205.96666666666667
31,193.13333333333333
32,190.58333333333334
33,202.9
34,148.66666666666666
35,245.88333333333333
36,111.01666666666667
37,212.51666666666668
38,169.58333333333334
39,228.93333333333334
40,179.35
41,255.0
42,163.13333333333333
43,255.0
44,121.46666666666667
45,255.0
46,139.16666666666666
47,194.6
48,250.48333333333332
49,133.18333333333334
50,138.83333333333334
51,255.0
52,215.26666666666668
53,255.0
54,129.1
55,255.0
56,148.0
57,218.18333333333334
58,255.0
59,124.7
60,94.11666666666666
61,75.93333333333334
62,218.46666666666667
63,255.0
64,129.1
65,255.0
66,148.0
67,230.83333333333334
68,255.0
69,124.1
70,243.96666666666667
71,193.18333333333334
72,99.46666666666667
73,255.0
74,129.1
75,255.0
76,148.0
77,231.1
78,255.0
79,124.1
80,197.5
81,255.0
82,157.56666666666666
83,255.0
84,129.1
85,255.0
86,148.0
87,231.1
88,255.0
89,124.1
90,135.7
91,255.0
92,176.48333333333332
93,255.0
94,120.63333333333334
95,255.0
96,142.85
97,227.45
98,255.0
99,115.06666666666666
