0,255.0
1,237.94444444444446
2,147.33333333333334
3,74.5
4,30.22222222222222
5,6.555555555555555
6,3.6666666666666665
7,20.72222222222222
8,60.44444444444444
9,128.38888888888889
10,181.27777777777777
11,15.055555555555555
12,41.388888888888886
13,153.94444444444446
14,220.11111111111111
15,251.33333333333334
16,254.11111111111111
17,221.0
18,119.0
19,0.0
20,239.94444444444446
21,146.44444444444446
22,252.22222222222223
23,255.0
24,255.0
25,255.0
26,255.0
27,255.0
28,255.0
29,22.555555555555557
30,255.0
31,255.0
32,255.0
33,255.0
34,255.0
35,255.0
36,255.0
37,255.0
38,151.16666666666666
39,0.0
40,255.0
41,255.0
42,255.0
43,232.22222222222223
44,165.33333333333334
45,152.05555555555554
46,126.5
47,53.72222222222222
48,0.0
49,58.55555555555556
50,255.0
51,255.0
52,255.0
53,209.44444444444446
54,85.0
55,85.0
56,76.66666666666667
57,42.5
58,28.333333333333332
59,115.22222222222223
60,255.0
61,255.0
62,255.0
63,255.0
64,255.0
65,255.0
66,255.0
67,255.0
68,210.61111111111111
69,39.666666666666664
70,255.0
71,255.0
72,255.0
73,255.0
74,255.0
75,255.0
76,255.0
77,255.0
78,255.0
79,185.0
80,201.11111111111111
81,255.0
82,255.0
83,255.0
84,255.0
85,255.0
86,255.0
87,255.0
88,255.0
89,171.83333333333334
90,40.611111111111114
91,62.388888888888886
92,160.61111111111111
93,227.66666666666666
94,255.0
95,255.0
96,255.0
97,249.33333333333334
98,171.0
99,21.77777777777778
