0,-1.0
1,-0.86
2,0.04
3,0.64
4,0.84
5,0.84
6,0.72
7,0.14
8,-0.78
9,-1.0
10,-0.84
11,0.72
12,0.7
13,-0.58
14,-1.0
15,-1.0
16,-0.66
17,0.6
18,0.84
19,-0.66
20,0.26
21,1.0
22,-0.5
23,-1.0
24,-1.0
25,-1.0
26,-1.0
27,-0.68
28,0.98
29,0.5
30,0.96
31,0.88
32,-0.98
33,-1.0
34,-1.0
35,-1.0
36,-1.0
37,-1.0
38,0.8
39,1.0
40,1.0
41,0.8
42,-1.0
43,-1.0
44,-1.0
45,-1.0
46,-1.0
47,-1.0
48,0.64
49,1.0
50,1.0
51,0.8
52,-1.0
53,-1.0
54,-1.0
55,-1.0
56,-1.0
57,-1.0
58,0.66
59,1.0
60,0.96
61,0.92
62,-0.94
63,-1.0
64,-1.0
65,-1.0
66,-1.0
67,-1.0
68,0.84
69,1.0
70,0.28
71,1.0
72,-0.38
73,-1.0
74,-1.0
75,-1.0
76,-1.0
77,-0.5
78,1.0
79,0.5
80,-0.76
81,0.8
82,0.8
83,-0.5
84,-1.0
85,-1.0
86,-0.62
87,0.7
88,0.86
89,-0.68
90,-1.0
91,-0.84
92,0.06
93,0.64
94,0.86
95,0.84
96,0.72
97,0.14
98,-0.78
99,-1.0
