0,68.33333333333333
1,0.0
2,0.0
3,0.0
4,0.0
5,0.0
6,0.0
7,0.0
8,0.0
9,0.0
10,170.0
11,140.0
12,140.0
13,140.0
14,140.0
15,143.0
16,144.5
17,75.08333333333333
18,0.0
19,0.0
20,255.0
21,255.0
22,255.0
23,255.0
24,255.0
25,255.0
26,182.75
27,7.0
28,0.0
29,109.08333333333333
30,255.0
31,255.0
32,255.0
33,255.0
34,255.0
35,185.58333333333334
36,8.5
37,0.0
38,104.75
39,255.0
40,255.0
41,255.0
42,255.0
43,255.0
44,189.75
45,8.5
46,0.0
47,102.08333333333333
48,255.0
49,255.0
50,255.0
51,255.0
52,255.0
53,191.25
54,9.833333333333334
55,0.0
56,99.25
57,253.66666666666666
58,255.0
59,255.0
60,255.0
61,255.0
62,192.75
63,11.416666666666666
64,0.0
65,94.66666666666667
66,253.66666666666666
67,255.0
68,255.0
69,255.0
70,255.0
71,196.91666666666666
72,12.75
73,0.0
74,89.33333333333333
75,252.16666666666666
76,255.0
77,255.0
78,255.0
79,255.0
80,199.75
81,12.75
82,0.0
83,86.33333333333333
84,252.16666666666666
85,255.0
86,255.0
87,255.0
88,255.0
89,255.0
90,14.25
91,0.0
92,0.0
93,2.6666666666666665
94,4.0
95,4.0
96,1.3333333333333333
97,0.0
98,0.0
99,0.0
