0,252.875
1,87.6875
2,17.5
3,162.5625
4,255.0
5,255.0
6,250.71875
7,93.96875
8,56.5
9,174.15625
10,166.3125
11,145.5
12,160.4375
13,9.0625
14,204.5625
15,255.0
16,132.1875
17,182.21875
18,255.0
19,145.09375
20,149.21875
21,255.0
22,255.0
23,112.6875
24,71.75
25,241.21875
26,108.8125
27,255.0
28,255.0
29,240.125
30,174.65625
31,255.0
32,255.0
33,225.21875
34,3.6875
35,121.125
36,205.125
37,255.0
38,255.0
39,255.0
40,193.3125
41,255.0
42,255.0
43,255.0
44,72.78125
45,38.625
46,255.0
47,255.0
48,255.0
49,255.0
50,206.6875
51,255.0
52,255.0
53,255.0
54,171.0625
55,26.53125
56,251.8125
57,255.0
58,255.0
59,255.0
60,196.0
61,255.0
62,255.0
63,255.0
64,185.4375
65,2.125
66,180.15625
67,255.0
68,255.0
69,255.0
70,181.71875
71,255.0
72,255.0
73,255.0
74,113.65625
75,106.15625
76,80.1875
77,255.0
78,255.0
79,255.0
80,171.625
81,255.0
82,255.0
83,233.71875
84,117.46875
85,217.78125
86,5.3125
87,216.6875
88,255.0
89,219.9375
90,172.59375
91,221.5
92,251.3125
93,94.0
94,225.28125
95,255.0
96,100.4375
97,50.9375
98,197.0
99,88.59375
