0,255.0
1,167.45
2,19.45
3,0.0
4,0.0
5,0.0
6,0.0
7,0.0
8,0.0
9,5.9
10,207.45
11,61.2
12,165.9
13,157.45
14,117.5
15,178.75
16,98.6
17,177.05
18,178.75
19,194.7
20,111.4
21,246.45
22,255.0
23,173.5
24,211.75
25,255.0
26,131.85
27,255.0
28,255.0
29,255.0
30,204.9
31,255.0
32,255.0
33,120.0
34,252.5
35,255.0
36,114.6
37,255.0
38,255.0
39,255.0
40,255.0
41,255.0
42,255.0
43,98.6
44,255.0
45,253.3
46,96.1
47,255.0
48,255.0
49,255.0
50,255.0
51,255.0
52,217.55
53,112.95
54,255.0
55,229.5
56,92.0
57,255.0
58,255.0
59,255.0
60,255.0
61,255.0
62,135.9
63,163.95
64,255.0
65,204.9
66,81.65
67,255.0
68,255.0
69,255.0
70,255.0
71,255.0
72,50.1
73,214.95
74,255.0
75,194.7
76,54.4
77,255.0
78,255.0
79,255.0
80,255.0
81,215.95
82,17.85
83,254.2
84,255.0
85,198.2
86,11.85
87,251.6
88,255.0
89,255.0
90,255.0
91,123.3
92,79.8
93,255.0
94,255.0
95,222.55
96,0.0
97,202.3
98,255.0
99,255.0
