0,0.0
1,0.0
2,0.0
3,0.0
4,0.0
5,0.0
6,0.0
7,0.0
8,0.0
9,0.0
10,229.5
11,229.5
12,229.5
13,229.5
14,229.5
15,229.5
16,233.22222222222223
17,235.33333333333334
18,235.33333333333334
19,168.27777777777777
20,255.0
21,255.0
22,255.0
23,255.0
24,255.0
25,255.0
26,255.0
27,248.44444444444446
28,108.55555555555556
29,0.0
30,255.0
31,255.0
32,255.0
33,255.0
34,255.0
35,255.0
36,237.05555555555554
37,56.666666666666664
38,1.8888888888888888
39,157.88888888888889
40,255.0
41,255.0
42,255.0
43,255.0
44,255.0
45,238.94444444444446
46,43.388888888888886
47,0.0
48,146.38888888888889
49,255.0
50,255.0
51,255.0
52,255.0
53,255.0
54,253.11111111111111
55,66.11111111111111
56,0.0
57,90.83333333333333
58,255.0
59,255.0
60,255.0
61,255.0
62,255.0
63,255.0
64,141.61111111111111
65,0.0
66,16.055555555555557
67,234.27777777777777
68,255.0
69,255.0
70,255.0
71,255.0
72,255.0
73,243.61111111111111
74,17.944444444444443
75,0.0
76,118.0
77,255.0
78,255.0
79,255.0
80,255.0
81,255.0
82,255.0
83,163.33333333333334
84,0.0
85,0.0
86,208.83333333333334
87,255.0
88,255.0
89,255.0
90,255.0
91,255.0
92,255.0
93,99.11111111111111
94,0.0
95,8.333333333333334
96,254.11111111111111
97,255.0
98,255.0
99,255.0
