0,255.0
1,255.0
2,255.0
3,255.0
4,245.61111111111111
5,105.33333333333333
6,255.0
7,255.0
8,255.0
9,255.0
10,255.0
11,255.0
12,255.0
13,255.0
14,243.66666666666666
15,102.0
16,255.0
17,255.0
18,255.0
19,255.0
20,255.0
21,255.0
22,255.0
23,255.0
24,243.66666666666666
25,102.0
26,255.0
27,255.0
28,255.0
29,255.0
30,255.0
31,255.0
32,255.0
33,255.0
34,243.66666666666666
35,102.0
36,255.0
37,255.0
38,255.0
39,255.0
40,215.33333333333334
41,212.5
42,212.5
43,212.5
44,203.05555555555554
45,85.0
46,212.5
47,212.5
48,212.5
49,212.5
50,135.5
51,133.16666666666666
52,133.16666666666666
53,133.16666666666666
54,127.0
55,52.888888888888886
56,133.16666666666666
57,133.16666666666666
58,133.16666666666666
59,133.16666666666666
60,255.0
61,255.0
62,255.0
63,255.0
64,243.66666666666666
65,102.0
66,255.0
67,255.0
68,255.0
69,255.0
70,255.0
71,255.0
72,255.0
73,255.0
74,243.66666666666666
75,102.0
76,255.0
77,255.0
78,255.0
79,255.0
80,255.0
81,255.0
82,255.0
83,255.0
84,243.66666666666666
85,102.0
86,255.0
87,255.0
88,255.0
89,255.0
90,221.0
91,218.16666666666666
92,218.16666666666666
93,218.16666666666666
94,208.22222222222223
95,86.88888888888889
96,218.16666666666666
97,218.16666666666666
98,218.16666666666666
99,218.16666666666666
