0,255.0
1,255.0
2,255.0
3,255.0
4,255.0
5,138.4
6,204.53333333333333
7,255.0
8,255.0
9,255.0
10,255.0
11,255.0
12,255.0
13,255.0
14,255.0
15,136.2
16,204.0
17,255.0
18,255.0
19,255.0
20,255.0
21,255.0
22,255.0
23,255.0
24,255.0
25,136.2
26,204.0
27,255.0
28,255.0
29,255.0
30,255.0
31,255.0
32,255.0
33,255.0
34,255.0
35,136.2
36,204.0
37,255.0
38,255.0
39,255.0
40,171.13333333333333
41,170.0
42,170.0
43,170.0
44,170.0
45,90.8
46,136.0
47,170.0
48,170.0
49,170.0
50,197.83333333333334
51,195.5
52,195.5
53,195.5
54,195.5
55,104.4
56,156.4
57,195.5
58,195.5
59,195.5
60,255.0
61,255.0
62,255.0
63,255.0
64,255.0
65,136.2
66,204.0
67,255.0
68,255.0
69,255.0
70,255.0
71,255.0
72,255.0
73,255.0
74,255.0
75,136.2
76,204.0
77,255.0
78,255.0
79,255.0
80,255.0
81,255.0
82,255.0
83,255.0
84,255.0
85,136.2
86,204.0
87,255.0
88,255.0
89,255.0
90,255.0
91,255.0
92,255.0
93,255.0
94,255.0
95,143.46666666666667
96,209.1
97,255.0
98,255.0
99,255.0
