0,255.0
1,255.0
2,255.0
3,255.0
4,223.5185185185185
5,117.77777777777777
6,69.29629629629629
7,131.62962962962962
8,172.55555555555554
9,202.11111111111111
10,255.0
11,255.0
12,255.0
13,255.0
14,82.11111111111111
15,0.0
16,135.55555555555554
17,255.0
18,255.0
19,255.0
20,255.0
21,255.0
22,255.0
23,255.0
24,79.66666666666667
25,0.0
26,142.0
27,255.0
28,255.0
29,255.0
30,255.0
31,255.0
32,255.0
33,255.0
34,78.33333333333333
35,0.0
36,142.0
37,255.0
38,255.0
39,255.0
40,255.0
41,255.0
42,239.92592592592592
43,168.74074074074073
44,20.14814814814815
45,61.77777777777778
46,215.88888888888889
47,255.0
48,255.0
49,255.0
50,187.62962962962962
51,151.03703703703704
52,91.25925925925925
53,73.74074074074075
54,130.88888888888889
55,216.0
56,255.0
57,255.0
58,255.0
59,255.0
60,255.0
61,255.0
62,255.0
63,248.74074074074073
64,50.51851851851852
65,0.5925925925925926
66,170.77777777777777
67,255.0
68,255.0
69,255.0
70,255.0
71,255.0
72,255.0
73,255.0
74,79.66666666666667
75,0.0
76,142.0
77,255.0
78,255.0
79,255.0
80,255.0
81,255.0
82,255.0
83,255.0
84,79.66666666666667
85,0.0
86,142.0
87,255.0
88,255.0
89,255.0
90,255.0
91,255.0
92,255.0
93,255.0
94,126.62962962962963
95,0.5925925925925926
96,89.44444444444444
97,246.8148148148148
98,255.0
99,255.0
