0,255.0
1,255.0
2,255.0
3,231.38888888888889
4,140.77777777777777
5,70.83333333333333
6,27.444444444444443
7,3.6666666666666665
8,4.555555555555555
9,17.944444444444443
10,255.0
11,252.22222222222223
12,125.72222222222223
13,8.5
14,34.05555555555556
15,148.22222222222223
16,218.22222222222223
17,251.33333333333334
18,255.0
19,239.94444444444446
20,252.22222222222223
21,76.55555555555556
22,0.0
23,75.55555555555556
24,245.61111111111111
25,255.0
26,255.0
27,255.0
28,255.0
29,255.0
30,137.83333333333334
31,0.0
32,19.72222222222222
33,241.72222222222223
34,237.05555555555554
35,183.27777777777777
36,142.55555555555554
37,129.27777777777777
38,147.33333333333334
39,202.11111111111111
40,27.333333333333332
41,0.0
42,57.55555555555556
43,77.44444444444444
44,54.611111111111114
45,112.44444444444444
46,126.61111111111111
47,104.88888888888889
48,29.22222222222222
49,0.0
50,0.0
51,0.0
52,3.7777777777777777
53,168.05555555555554
54,255.0
55,255.0
56,255.0
57,255.0
58,248.44444444444446
59,86.77777777777777
60,0.8888888888888888
61,0.0
62,81.22222222222223
63,255.0
64,255.0
65,255.0
66,255.0
67,255.0
68,255.0
69,228.72222222222223
70,45.27777777777778
71,0.0
72,96.33333333333333
73,255.0
74,255.0
75,255.0
76,255.0
77,255.0
78,255.0
79,250.44444444444446
80,152.05555555555554
81,0.0
82,17.944444444444443
83,237.05555555555554
84,255.0
85,255.0
86,255.0
87,255.0
88,255.0
89,193.66666666666666
90,254.11111111111111
91,97.27777777777777
92,0.0
93,54.77777777777778
94,208.72222222222223
95,255.0
96,255.0
97,251.22222222222223
98,175.55555555555554
99,23.555555555555557
