0,255.0
1,202.78571428571428
2,97.82142857142857
3,37.642857142857146
4,19.392857142857142
5,20.0
6,19.428571428571427
7,52.285714285714285
8,110.5
9,228.89285714285714
10,147.57142857142858
11,1.7857142857142858
12,102.0
13,221.64285714285714
14,255.0
15,255.0
16,249.0
17,199.78571428571428
18,109.35714285714286
19,234.35714285714286
20,13.892857142857142
21,24.785714285714285
22,255.0
23,255.0
24,255.0
25,255.0
26,255.0
27,255.0
28,255.0
29,255.0
30,74.67857142857143
31,0.0
32,129.89285714285714
33,242.82142857142858
34,255.0
35,255.0
36,255.0
37,255.0
38,255.0
39,255.0
40,244.10714285714286
41,106.17857142857143
42,10.892857142857142
43,4.785714285714286
44,45.535714285714285
45,85.60714285714286
46,129.85714285714286
47,193.03571428571428
48,253.21428571428572
49,255.0
50,255.0
51,255.0
52,245.89285714285714
53,196.21428571428572
54,154.17857142857142
55,113.60714285714286
56,58.92857142857143
57,1.2142857142857142
58,45.0
59,214.35714285714286
60,255.0
61,255.0
62,255.0
63,255.0
64,255.0
65,255.0
66,255.0
67,193.17857142857142
68,7.892857142857143
69,34.642857142857146
70,255.0
71,255.0
72,255.0
73,255.0
74,255.0
75,255.0
76,255.0
77,255.0
78,49.214285714285715
79,1.7857142857142858
80,69.75
81,165.78571428571428
82,236.14285714285714
83,255.0
84,255.0
85,255.0
86,244.67857142857142
87,132.35714285714286
88,0.5714285714285714
89,114.17857142857143
90,142.07142857142858
91,68.64285714285714
92,17.571428571428573
93,25.464285714285715
94,47.92857142857143
95,42.5
96,12.107142857142858
97,60.07142857142857
98,168.14285714285714
99,255.0
