0,214.38888888888889
1,144.44444444444446
2,59.55555555555556
3,37.72222222222222
4,103.94444444444444
5,179.38888888888889
6,247.38888888888889
7,255.0
8,255.0
9,255.0
10,255.0
11,255.0
12,255.0
13,216.22222222222223
14,97.27777777777777
15,1.8888888888888888
16,16.055555555555557
17,110.44444444444444
18,227.66666666666666
19,255.0
20,255.0
21,255.0
22,255.0
23,255.0
24,255.0
25,196.44444444444446
26,19.72222222222222
27,0.0
28,9.5
29,150.16666666666666
30,255.0
31,255.0
32,255.0
33,255.0
34,255.0
35,255.0
36,202.11111111111111
37,1.8888888888888888
38,0.0
39,0.0
40,255.0
41,255.0
42,255.0
43,255.0
44,255.0
45,255.0
46,255.0
47,68.11111111111111
48,0.0
49,0.0
50,255.0
51,255.0
52,255.0
53,255.0
54,255.0
55,255.0
56,255.0
57,94.72222222222223
58,0.0
59,0.0
60,255.0
61,255.0
62,255.0
63,255.0
64,255.0
65,255.0
66,253.11111111111111
67,33.0
68,0.0
69,0.0
70,255.0
71,255.0
72,255.0
73,255.0
74,255.0
75,255.0
76,119.94444444444444
77,0.0
78,0.0
79,26.333333333333332
80,255.0
81,255.0
82,255.0
83,255.0
84,235.27777777777777
85,91.61111111111111
86,0.0
87,1.8888888888888888
88,89.55555555555556
89,232.33333333333334
90,255.0
91,255.0
92,206.83333333333334
93,110.44444444444444
94,11.38888888888889
95,30.22222222222222
96,116.22222222222223
97,217.22222222222223
98,255.0
99,255.0
