0,17.0
1,17.0
2,19.233333333333334
3,22.833333333333332
4,13.066666666666666
5,0.0
6,18.266666666666666
7,22.833333333333332
8,18.066666666666666
9,17.0
10,255.0
11,255.0
12,255.0
13,255.0
14,149.8
15,0.0
16,204.0
17,255.0
18,255.0
19,255.0
20,255.0
21,255.0
22,255.0
23,255.0
24,149.8
25,0.0
26,204.0
27,255.0
28,255.0
29,255.0
30,255.0
31,255.0
32,255.0
33,255.0
34,149.8
35,0.0
36,204.0
37,255.0
38,255.0
39,255.0
40,255.0
41,255.0
42,255.0
43,255.0
44,149.8
45,0.0
46,204.0
47,255.0
48,255.0
49,255.0
50,255.0
51,255.0
52,255.0
53,255.0
54,149.8
55,0.0
56,204.0
57,255.0
58,255.0
59,255.0
60,255.0
61,255.0
62,255.0
63,255.0
64,149.8
65,0.0
66,204.0
67,255.0
68,255.0
69,255.0
70,255.0
71,255.0
72,255.0
73,255.0
74,149.8
75,0.0
76,204.0
77,255.0
78,255.0
79,255.0
80,255.0
81,255.0
82,255.0
83,255.0
84,149.8
85,0.0
86,204.0
87,255.0
88,255.0
89,255.0
90,255.0
91,255.0
92,255.0
93,255.0
94,149.8
95,0.0
96,204.0
97,255.0
98,255.0
99,255.0
