0,0.0
1,3.5
2,25.5
3,25.5
4,24.833333333333332
5,14.75
6,19.041666666666668
7,59.458333333333336
8,128.83333333333334
9,228.79166666666666
10,0.0
11,38.25
12,255.0
13,255.0
14,255.0
15,255.0
16,233.08333333333334
17,163.66666666666666
18,41.041666666666664
19,11.291666666666666
20,0.0
21,38.25
22,255.0
23,255.0
24,255.0
25,255.0
26,255.0
27,255.0
28,239.45833333333334
29,7.75
30,0.0
31,38.25
32,255.0
33,255.0
34,255.0
35,255.0
36,255.0
37,255.0
38,192.625
39,1.4166666666666667
40,0.0
41,31.875
42,215.16666666666666
43,215.16666666666666
44,213.83333333333334
45,202.66666666666666
46,164.29166666666666
47,91.33333333333333
48,19.125
49,113.375
50,0.0
51,6.375
52,42.5
53,42.5
54,42.5
55,38.333333333333336
56,11.291666666666666
57,32.625
58,136.91666666666666
59,223.875
60,0.0
61,38.25
62,255.0
63,255.0
64,255.0
65,255.0
66,254.33333333333334
67,205.375
68,96.95833333333333
69,2.8333333333333335
70,0.0
71,38.25
72,255.0
73,255.0
74,255.0
75,255.0
76,255.0
77,255.0
78,255.0
79,118.29166666666667
80,0.0
81,38.25
82,255.0
83,255.0
84,255.0
85,255.0
86,255.0
87,255.0
88,255.0
89,146.0
90,0.0
91,38.25
92,255.0
93,255.0
94,255.0
95,255.0
96,255.0
97,241.54166666666666
98,145.25
99,9.958333333333334
