0,255.0
1,255.0
2,250.83333333333334
3,165.66666666666666
4,76.5
5,24.083333333333332
6,4.166666666666667
7,19.666666666666668
8,67.91666666666667
9,150.25
10,255.0
11,221.08333333333334
12,51.083333333333336
13,0.0
14,25.416666666666668
15,101.91666666666667
16,128.83333333333334
17,107.75
18,35.333333333333336
19,0.0
20,232.25
21,26.916666666666668
22,0.0
23,108.91666666666667
24,248.0
25,255.0
26,255.0
27,255.0
28,253.66666666666666
29,134.66666666666666
30,97.91666666666667
31,0.0
32,58.083333333333336
33,255.0
34,255.0
35,255.0
36,255.0
37,255.0
38,255.0
39,255.0
40,9.833333333333334
41,0.0
42,148.75
43,255.0
44,255.0
45,255.0
46,255.0
47,255.0
48,255.0
49,255.0
50,0.0
51,0.0
52,168.66666666666666
53,255.0
54,255.0
55,255.0
56,255.0
57,255.0
58,255.0
59,255.0
60,4.166666666666667
61,0.0
62,136.08333333333334
63,255.0
64,255.0
65,255.0
66,255.0
67,255.0
68,255.0
69,255.0
70,83.75
71,0.0
72,39.666666666666664
73,249.33333333333334
74,255.0
75,255.0
76,255.0
77,255.0
78,255.0
79,255.0
80,225.25
81,18.416666666666668
82,0.0
83,83.58333333333333
84,240.75
85,255.0
86,255.0
87,255.0
88,248.0
89,103.41666666666667
90,255.0
91,209.66666666666666
92,41.166666666666664
93,0.0
94,15.583333333333334
95,87.83333333333333
96,119.16666666666667
97,94.91666666666667
98,24.083333333333332
99,0.0
