0,255.0
1,255.0
2,255.0
3,255.0
4,255.0
5,255.0
6,255.0
7,255.0
8,255.0
9,205.88888888888889
10,255.0
11,255.0
12,255.0
13,255.0
14,255.0
15,255.0
16,255.0
17,255.0
18,252.57142857142858
19,102.25396825396825
20,255.0
21,255.0
22,255.0
23,255.0
24,255.0
25,255.0
26,255.0
27,255.0
28,151.33333333333334
29,201.03174603174602
30,255.0
31,255.0
32,255.0
33,255.0
34,255.0
35,255.0
36,255.0
37,231.0
38,121.15873015873017
39,255.0
40,255.0
41,255.0
42,255.0
43,255.0
44,255.0
45,255.0
46,255.0
47,112.52380952380952
48,239.63492063492063
49,255.0
50,202.9206349206349
51,84.71428571428571
52,247.73015873015873
53,255.0
54,255.0
55,255.0
56,185.95238095238096
57,167.28571428571428
58,255.0
59,255.0
60,227.71428571428572
61,78.0
62,135.20634920634922
63,255.0
64,255.0
65,247.15873015873015
66,106.3015873015873
67,254.74603174603175
68,255.0
69,255.0
70,255.0
71,219.65079365079364
72,19.666666666666668
73,229.63492063492063
74,255.0
75,134.34920634920636
76,219.65079365079364
77,255.0
78,255.0
79,255.0
80,255.0
81,255.0
82,120.61904761904762
83,94.17460317460318
84,216.15873015873015
85,138.4126984126984
86,255.0
87,255.0
88,255.0
89,255.0
90,255.0
91,255.0
92,243.11111111111111
93,27.77777777777778
94,83.12698412698413
95,248.77777777777777
96,255.0
97,255.0
98,255.0
99,255.0
