0,0.0
1,0.0
2,3.5
3,195.5
4,255.0
5,255.0
6,255.0
7,255.0
8,255.0
9,191.25
10,0.0
11,38.333333333333336
12,15.541666666666666
13,34.625
14,242.95833333333334
15,255.0
16,255.0
17,255.0
18,255.0
19,191.25
20,0.0
21,63.75
22,162.875
23,0.0
24,99.875
25,255.0
26,255.0
27,255.0
28,255.0
29,191.25
30,0.0
31,63.75
32,255.0
33,83.58333333333333
34,0.0
35,180.0
36,255.0
37,255.0
38,255.0
39,191.25
40,0.0
41,63.75
42,255.0
43,235.91666666666666
44,24.75
45,23.333333333333332
46,233.75
47,255.0
48,255.0
49,191.25
50,0.0
51,63.75
52,255.0
53,255.0
54,181.33333333333334
55,0.0
56,81.5
57,255.0
58,255.0
59,191.25
60,0.0
61,63.75
62,255.0
63,255.0
64,255.0
65,103.45833333333333
66,0.0
67,160.04166666666666
68,255.0
69,191.25
70,0.0
71,63.75
72,255.0
73,255.0
74,255.0
75,243.625
76,35.416666666666664
77,14.208333333333334
78,224.58333333333334
79,191.25
80,0.0
81,63.75
82,255.0
83,255.0
84,255.0
85,255.0
86,198.33333333333334
87,2.8333333333333335
88,63.75
89,189.83333333333334
90,0.0
91,63.75
92,255.0
93,255.0
94,255.0
95,255.0
96,255.0
97,122.5
98,0.0
99,78.625
