0,0.0
1,9.416666666666666
2,241.77777777777777
3,255.0
4,255.0
5,255.0
6,255.0
7,255.0
8,52.861111111111114
9,0.0
10,0.0
11,18.416666666666668
12,161.52777777777777
13,255.0
14,255.0
15,255.0
16,255.0
17,217.25
18,20.805555555555557
19,0.0
20,0.0
21,94.19444444444444
22,71.36111111111111
23,255.0
24,255.0
25,255.0
26,255.0
27,126.55555555555556
28,98.41666666666667
29,0.0
30,0.0
31,175.41666666666666
32,5.111111111111111
33,232.36111111111111
34,255.0
35,255.0
36,254.55555555555554
37,35.416666666666664
38,181.5
39,0.0
40,0.0
41,204.16666666666666
42,60.02777777777778
43,146.41666666666666
44,255.0
45,255.0
46,200.25
47,18.916666666666668
48,247.58333333333334
49,0.0
50,0.0
51,204.16666666666666
52,149.25
53,56.138888888888886
54,255.0
55,255.0
56,109.97222222222223
57,101.58333333333333
58,252.33333333333334
59,0.0
60,0.0
61,204.16666666666666
62,233.75
63,4.666666666666667
64,220.52777777777777
65,253.11111111111111
66,25.916666666666668
67,192.63888888888889
68,252.33333333333334
69,0.0
70,0.0
71,204.16666666666666
72,255.0
73,73.19444444444444
74,135.97222222222223
75,191.69444444444446
76,29.22222222222222
77,253.61111111111111
78,252.33333333333334
79,0.0
80,0.0
81,204.16666666666666
82,255.0
83,162.47222222222223
84,53.833333333333336
85,111.41666666666667
86,119.02777777777777
87,255.0
88,252.33333333333334
89,0.0
90,0.0
91,204.16666666666666
92,255.0
93,242.22222222222223
94,10.805555555555555
95,27.833333333333332
96,210.08333333333334
97,255.0
98,252.33333333333334
99,0.0
