0,-1.0
1,-0.86
2,0.02
3,0.64
4,0.86
5,0.82
6,0.72
7,0.08
8,-0.84
9,-1.0
10,-0.6
11,0.84
12,0.66
13,-0.58
14,-1.0
15,-1.0
16,-0.62
17,0.74
18,0.8
19,-0.76
20,0.8
21,1.0
22,-0.66
23,-1.0
24,-1.0
25,-1.0
26,-1.0
27,-0.44
28,1.0
29,0.34
30,1.0
31,1.0
32,-1.0
33,-1.0
34,-1.0
35,-1.0
36,-1.0
37,-0.9
38,1.0
39,1.0
40,0.8
41,1.0
42,-0.58
43,-1.0
44,-1.0
45,-1.0
46,-1.0
47,-0.58
48,1.0
49,1.0
50,-0.48
51,0.94
52,0.7
53,-0.44
54,-0.94
55,-0.9
56,-0.34
57,0.66
58,1.0
59,1.0
60,-1.0
61,-0.6
62,0.32
63,0.72
64,0.7
65,0.4
66,-0.1
67,-0.52
68,1.0
69,0.74
70,-1.0
71,-1.0
72,-1.0
73,-1.0
74,-1.0
75,-1.0
76,-1.0
77,0.28
78,1.0
79,-0.38
80,-1.0
81,-0.48
82,-0.82
83,-1.0
84,-1.0
85,-0.7
86,0.3
87,0.94
88,-0.18
89,-1.0
90,-0.9
91,0.26
92,0.78
93,0.82
94,0.86
95,0.68
96,0.12
97,-0.76
98,-1.0
99,-1.0
