0,255.0
1,255.0
2,238.66666666666666
3,135.95833333333334
4,46.083333333333336
5,166.375
6,255.0
7,255.0
8,255.0
9,255.0
10,255.0
11,255.0
12,255.0
13,255.0
14,104.75
15,2.8333333333333335
16,211.08333333333334
17,255.0
18,255.0
19,255.0
20,255.0
21,255.0
22,255.0
23,255.0
24,231.66666666666666
25,10.625
26,79.29166666666667
27,255.0
28,255.0
29,255.0
30,255.0
31,255.0
32,255.0
33,255.0
34,255.0
35,122.45833333333333
36,0.0
37,200.45833333333334
38,255.0
39,255.0
40,255.0
41,255.0
42,255.0
43,255.0
44,255.0
45,238.66666666666666
46,16.333333333333332
47,66.625
48,255.0
49,255.0
50,255.0
51,255.0
52,255.0
53,255.0
54,255.0
55,255.0
56,131.79166666666666
57,0.0
58,187.625
59,255.0
60,255.0
61,255.0
62,255.0
63,255.0
64,255.0
65,214.625
66,105.54166666666667
67,23.333333333333332
68,53.791666666666664
69,255.0
70,255.0
71,255.0
72,255.0
73,252.91666666666666
74,139.66666666666666
75,101.25
76,246.54166666666666
77,143.04166666666666
78,0.0
79,174.95833333333334
80,255.0
81,255.0
82,218.20833333333334
83,62.416666666666664
84,145.16666666666666
85,255.0
86,255.0
87,247.20833333333334
88,29.041666666666668
89,43.166666666666664
90,253.58333333333334
91,145.75
92,31.791666666666668
93,191.25
94,255.0
95,255.0
96,255.0
97,255.0
98,158.04166666666666
99,0.0
