0,29.790123456790123
1,101.60493827160494
2,145.44444444444446
3,145.44444444444446
4,145.44444444444446
5,143.71604938271605
6,131.01234567901236
7,86.0246913580247
8,10.481481481481481
9,170.22222222222223
10,193.71604938271605
11,45.111111111111114
12,245.33333333333334
13,255.0
14,255.0
15,255.0
16,255.0
17,255.0
18,229.59259259259258
19,123.76543209876543
20,255.0
21,126.32098765432099
22,102.01234567901234
23,255.0
24,255.0
25,255.0
26,255.0
27,255.0
28,255.0
29,217.44444444444446
30,255.0
31,251.65432098765433
32,60.20987654320987
33,171.49382716049382
34,255.0
35,255.0
36,255.0
37,255.0
38,255.0
39,255.0
40,255.0
41,255.0
42,225.01234567901236
43,34.0
44,224.5679012345679
45,255.0
46,255.0
47,255.0
48,255.0
49,255.0
50,255.0
51,255.0
52,255.0
53,159.679012345679
54,128.0
55,255.0
56,255.0
57,255.0
58,255.0
59,255.0
60,255.0
61,255.0
62,251.85185185185185
63,124.22222222222223
64,247.65432098765433
65,255.0
66,255.0
67,255.0
68,255.0
69,255.0
70,255.0
71,255.0
72,139.77777777777777
73,228.55555555555554
74,255.0
75,255.0
76,255.0
77,255.0
78,255.0
79,255.0
80,255.0
81,170.41975308641975
82,197.91358024691357
83,255.0
84,255.0
85,255.0
86,255.0
87,255.0
88,255.0
89,177.58024691358025
90,204.60493827160494
91,163.9506172839506
92,255.0
93,255.0
94,255.0
95,255.0
96,255.0
97,244.71604938271605
98,148.59259259259258
99,112.91358024691358
