0,0.0
1,2.8333333333333335
2,25.5
3,25.5
4,25.5
5,20.458333333333332
6,21.125
7,58.041666666666664
8,126.08333333333333
9,227.375
10,0.0
11,29.5
12,255.0
13,255.0
14,255.0
15,255.0
16,248.0
17,189.83333333333334
18,61.666666666666664
19,9.875
20,0.0
21,29.5
22,255.0
23,255.0
24,255.0
25,255.0
26,255.0
27,255.0
28,247.95833333333334
29,26.208333333333332
30,0.0
31,29.5
32,255.0
33,255.0
34,255.0
35,255.0
36,255.0
37,255.0
38,243.625
39,22.0
40,0.0
41,29.5
42,255.0
43,255.0
44,255.0
45,254.33333333333334
46,231.58333333333334
47,172.16666666666666
48,48.083333333333336
49,10.541666666666666
50,0.0
51,0.0
52,2.6666666666666665
53,2.6666666666666665
54,2.6666666666666665
55,0.6666666666666666
56,0.0
57,41.166666666666664
58,127.41666666666667
59,229.45833333333334
60,0.0
61,29.5
62,255.0
63,255.0
64,255.0
65,207.5
66,11.375
67,53.875
68,245.79166666666666
69,255.0
70,0.0
71,29.5
72,255.0
73,255.0
74,255.0
75,255.0
76,173.5
77,1.4166666666666667
78,85.58333333333333
79,254.33333333333334
80,0.0
81,29.5
82,255.0
83,255.0
84,255.0
85,255.0
86,255.0
87,130.33333333333334
88,0.0
89,126.83333333333333
90,0.0
91,29.5
92,255.0
93,255.0
94,255.0
95,255.0
96,255.0
97,254.33333333333334
98,87.125
99,0.6666666666666666
