0,255.0
1,255.0
2,255.0
3,255.0
4,255.0
5,255.0
6,255.0
7,255.0
8,124.25
9,249.75
10,255.0
11,255.0
12,255.0
13,255.0
14,255.0
15,255.0
16,255.0
17,217.75
18,154.53125
19,255.0
20,255.0
21,255.0
22,255.0
23,255.0
24,255.0
25,253.9375
26,235.28125
27,105.15625
28,234.21875
29,255.0
30,255.0
31,255.0
32,204.5625
33,138.6875
34,163.46875
35,183.71875
36,172.15625
37,141.8125
38,201.28125
39,161.96875
40,229.53125
41,72.8125
42,106.3125
43,243.34375
44,255.0
45,255.0
46,124.25
47,249.75
48,255.0
49,255.0
50,39.34375
51,80.6875
52,255.0
53,255.0
54,255.0
55,217.75
56,156.25
57,255.0
58,255.0
59,255.0
60,6.90625
61,150.28125
62,255.0
63,255.0
64,255.0
65,121.25
66,249.75
67,255.0
68,255.0
69,197.65625
70,177.0
71,74.40625
72,196.09375
73,253.4375
74,214.75
75,155.25
76,245.96875
77,190.75
78,132.34375
79,124.28125
80,255.0
81,254.5
82,213.5625
83,185.0
84,89.65625
85,185.5
86,191.1875
87,231.09375
88,255.0
89,255.0
90,255.0
91,255.0
92,255.0
93,220.0
94,149.8125
95,255.0
96,255.0
97,255.0
98,255.0
99,255.0
