0,255.0
1,255.0
2,255.0
3,255.0
4,255.0
5,255.0
6,255.0
7,255.0
8,133.83333333333334
9,198.70833333333334
10,255.0
11,255.0
12,255.0
13,255.0
14,255.0
15,255.0
16,255.0
17,205.39583333333334
18,124.6875
19,255.0
20,255.0
21,255.0
22,255.0
23,255.0
24,255.0
25,255.0
26,247.5625
27,89.25
28,248.64583333333334
29,255.0
30,255.0
31,255.0
32,255.0
33,255.0
34,255.0
35,255.0
36,121.83333333333333
37,208.27083333333334
38,255.0
39,255.0
40,152.0
41,148.875
42,148.875
43,148.875
44,148.875
45,105.54166666666667
46,86.66666666666667
47,148.875
48,148.875
49,155.875
50,255.0
51,255.0
52,255.0
53,255.0
54,242.25
55,90.95833333333333
56,252.14583333333334
57,255.0
58,255.0
59,255.0
60,152.0
61,148.875
62,148.875
63,148.875
64,71.35416666666667
65,121.41666666666667
66,148.875
67,148.875
68,148.875
69,155.9375
70,255.0
71,255.0
72,255.0
73,179.22916666666666
74,151.20833333333334
75,255.0
76,255.0
77,255.0
78,255.0
79,255.0
80,255.0
81,255.0
82,235.16666666666666
83,95.625
84,254.29166666666666
85,255.0
86,255.0
87,255.0
88,255.0
89,255.0
90,255.0
91,255.0
92,101.95833333333333
93,228.83333333333334
94,255.0
95,255.0
96,255.0
97,255.0
98,255.0
99,255.0
