0,189.4814814814815
1,178.74074074074073
2,159.2962962962963
3,113.96296296296296
4,93.18518518518519
5,163.1851851851852
6,250.62962962962962
7,255.0
8,255.0
9,255.0
10,255.0
11,255.0
12,255.0
13,255.0
14,66.96296296296296
15,0.0
16,151.92592592592592
17,255.0
18,255.0
19,255.0
20,255.0
21,255.0
22,255.0
23,255.0
24,79.66666666666667
25,0.0
26,142.0
27,255.0
28,255.0
29,255.0
30,255.0
31,255.0
32,255.0
33,255.0
34,79.66666666666667
35,0.0
36,142.0
37,255.0
38,255.0
39,255.0
40,255.0
41,255.0
42,255.0
43,255.0
44,153.14814814814815
45,13.814814814814815
46,68.55555555555556
47,226.74074074074073
48,255.0
49,255.0
50,255.0
51,255.0
52,255.0
53,255.0
54,255.0
55,218.4814814814815
56,108.22222222222223
57,49.666666666666664
58,95.66666666666667
59,163.0
60,255.0
61,255.0
62,255.0
63,255.0
64,131.0
65,1.2592592592592593
66,83.74074074074075
67,246.8148148148148
68,255.0
69,255.0
70,255.0
71,255.0
72,255.0
73,255.0
74,79.66666666666667
75,0.0
76,142.0
77,255.0
78,255.0
79,255.0
80,255.0
81,255.0
82,255.0
83,255.0
84,79.66666666666667
85,0.0
86,142.0
87,255.0
88,255.0
89,255.0
90,255.0
91,255.0
92,255.0
93,246.8148148148148
94,50.51851851851852
95,0.5925925925925926
96,169.55555555555554
97,255.0
98,255.0
99,255.0
