0,255.0
1,255.0
2,255.0
3,255.0
4,255.0
5,255.0
6,255.0
7,253.05714285714285
8,192.8
9,112.71428571428571
10,255.0
11,255.0
12,255.0
13,255.0
14,253.57142857142858
15,196.22857142857143
16,114.57142857142857
17,98.62857142857143
18,157.85714285714286
19,238.4857142857143
20,255.0
21,254.02857142857144
22,198.71428571428572
23,116.0
24,97.68571428571428
25,155.4
26,236.0857142857143
27,255.0
28,255.0
29,255.0
30,115.6
31,87.88571428571429
32,152.4857142857143
33,234.6
34,255.0
35,255.0
36,255.0
37,255.0
38,255.0
39,255.0
40,184.05714285714285
41,109.82857142857142
42,104.88571428571429
43,172.45714285714286
44,245.77142857142857
45,255.0
46,255.0
47,255.0
48,255.0
49,255.0
50,255.0
51,255.0
52,249.65714285714284
53,182.14285714285714
54,108.8
55,104.94285714285714
56,174.85714285714286
57,246.74285714285713
58,255.0
59,255.0
60,255.0
61,255.0
62,255.0
63,255.0
64,255.0
65,249.14285714285714
66,180.68571428571428
67,107.82857142857142
68,105.88571428571429
69,175.82857142857142
70,255.0
71,255.0
72,255.0
73,255.0
74,255.0
75,255.0
76,255.0
77,255.0
78,248.68571428571428
79,179.25714285714287
80,255.0
81,255.0
82,255.0
83,255.0
84,255.0
85,255.0
86,255.0
87,255.0
88,255.0
89,255.0
90,255.0
91,255.0
92,255.0
93,255.0
94,255.0
95,255.0
96,255.0
97,255.0
98,255.0
99,255.0
