0,29.875
1,191.4375
2,255.0
3,255.0
4,255.0
5,255.0
6,255.0
7,255.0
8,255.0
9,232.8125
10,202.8125
11,26.5
12,191.4375
13,255.0
14,255.0
15,255.0
16,255.0
17,255.0
18,233.8125
19,44.5625
20,255.0
21,202.8125
22,26.5
23,191.4375
24,255.0
25,255.0
26,255.0
27,235.8125
28,45.5625
29,138.375
30,255.0
31,255.0
32,200.8125
33,24.5
34,191.4375
35,255.0
36,235.8125
37,46.5625
38,138.375
39,255.0
40,255.0
41,255.0
42,255.0
43,197.8125
44,23.5
45,172.25
46,46.5625
47,135.0
48,255.0
49,255.0
50,255.0
51,255.0
52,255.0
53,255.0
54,176.375
55,0.0
56,100.9375
57,255.0
58,255.0
59,255.0
60,255.0
61,255.0
62,255.0
63,235.8125
64,46.5625
65,104.1875
66,23.375
67,194.4375
68,255.0
69,255.0
70,255.0
71,255.0
72,236.9375
73,46.5625
74,137.25
75,255.0
76,194.4375
77,23.375
78,196.6875
79,255.0
80,255.0
81,239.1875
82,52.1875
83,133.875
84,255.0
85,255.0
86,255.0
87,192.4375
88,23.5
89,197.8125
90,239.1875
91,52.1875
92,133.875
93,255.0
94,255.0
95,255.0
96,255.0
97,255.0
98,191.4375
99,23.5
