0,255.0
1,255.0
2,255.0
3,255.0
4,100.86666666666666
5,0.0
6,132.56666666666666
7,255.0
8,255.0
9,255.0
10,255.0
11,255.0
12,255.0
13,238.53333333333333
14,10.166666666666666
15,44.233333333333334
16,28.9
17,251.6
18,255.0
19,255.0
20,255.0
21,255.0
22,255.0
23,141.16666666666666
24,25.5
25,185.86666666666667
26,0.0
27,173.43333333333334
28,255.0
29,255.0
30,255.0
31,255.0
32,253.33333333333334
33,35.13333333333333
34,121.83333333333333
35,253.33333333333334
36,32.233333333333334
37,65.7
38,255.0
39,255.0
40,255.0
41,255.0
42,180.76666666666668
43,1.6666666666666667
44,222.23333333333332
45,255.0
46,133.7
47,0.5333333333333333
48,212.5
49,255.0
50,255.0
51,255.0
52,74.23333333333333
53,73.16666666666667
54,255.0
55,255.0
56,232.3
57,5.7
58,106.03333333333333
59,255.0
60,255.0
61,219.86666666666667
62,1.6666666666666667
63,178.5
64,255.0
65,255.0
66,255.0
67,87.83333333333333
68,12.433333333333334
69,240.8
70,255.0
71,113.83333333333333
72,7.366666666666666
73,25.5
74,25.5
75,25.5
76,25.5
77,23.8
78,0.0
79,146.7
80,244.83333333333334
81,16.466666666666665
82,131.96666666666667
83,255.0
84,255.0
85,255.0
86,255.0
87,254.46666666666667
88,42.5
89,39.7
90,154.13333333333333
91,6.233333333333333
92,232.93333333333334
93,255.0
94,255.0
95,255.0
96,255.0
97,255.0
98,149.56666666666666
99,0.0
