0,238.9
1,121.875
2,167.025
3,255.0
4,223.125
5,141.375
6,168.625
7,255.0
8,200.175
9,163.45
10,145.325
11,243.125
12,206.525
13,245.275
14,151.275
15,255.0
16,168.275
17,238.425
18,179.375
19,255.0
20,121.5
21,255.0
22,175.95
23,208.275
24,136.0
25,255.0
26,222.675
27,169.975
28,166.15
29,255.0
30,109.675
31,255.0
32,154.175
33,194.75
34,142.35
35,255.0
36,250.8
37,123.675
38,116.85
39,254.6
40,110.85
41,255.0
42,255.0
43,205.65
44,154.7
45,255.0
46,255.0
47,105.4
48,107.55
49,80.3
50,116.5
51,255.0
52,255.0
53,196.85
54,156.8
55,255.0
56,255.0
57,98.0
58,235.075
59,65.8
60,110.85
61,255.0
62,255.0
63,203.6
64,153.4
65,255.0
66,255.0
67,101.2
68,232.525
69,255.0
70,106.225
71,255.0
72,255.0
73,219.725
74,138.55
75,255.0
76,247.775
77,118.55
78,189.6
79,255.0
80,113.8
81,255.0
82,254.15
83,206.55
84,127.5
85,255.0
86,216.3
87,164.95
88,157.225
89,255.0
90,138.625
91,237.975
92,212.95
93,242.25
94,138.85
95,254.6
96,159.35
97,235.425
98,107.075
99,255.0
