0,90.925
1,234.5
2,255.0
3,255.0
4,255.0
5,255.0
6,255.0
7,255.0
8,255.0
9,255.0
10,149.6
11,234.5
12,255.0
13,255.0
14,255.0
15,255.0
16,255.0
17,255.0
18,255.0
19,255.0
20,149.6
21,234.5
22,255.0
23,249.9
24,237.975
25,255.0
26,255.0
27,255.0
28,253.55
29,253.525
30,149.6
31,234.5
32,230.775
33,171.2375
34,213.5125
35,179.3
36,255.0
37,154.7125
38,192.5
39,143.25
40,149.6
41,234.5
42,127.925
43,250.9625
44,255.0
45,130.9125
46,240.35
47,122.2125
48,255.0
49,113.4125
50,149.6
51,234.5
52,100.75
53,255.0
54,255.0
55,138.475
56,215.925
57,127.9
58,252.8625
59,129.6
60,149.6
61,234.5
62,110.2875
63,254.575
64,255.0
65,125.7875
66,238.0125
67,173.6
68,193.1625
69,243.1
70,132.8125
71,216.2375
72,201.2
73,188.0625
74,247.3375
75,142.8
76,255.0
77,129.8125
78,153.075
79,181.5375
80,194.85
81,210.6
82,255.0
83,218.05
84,196.7375
85,251.3875
86,212.4875
87,188.075
88,222.1
89,186.6125
90,255.0
91,255.0
92,255.0
93,255.0
94,255.0
95,255.0
96,169.75
97,238.6375
98,255.0
99,254.575
