0,67.93333333333334
1,255.0
2,255.0
3,255.0
4,255.0
5,255.0
6,255.0
7,255.0
8,255.0
9,152.46666666666667
10,102.0
11,197.76666666666668
12,255.0
13,255.0
14,255.0
15,255.0
16,255.0
17,255.0
18,252.73333333333332
19,53.666666666666664
20,216.36666666666667
21,81.6
22,255.0
23,255.0
24,255.0
25,255.0
26,255.0
27,255.0
28,170.66666666666666
29,123.46666666666667
30,255.0
31,82.2
32,160.26666666666668
33,175.66666666666666
34,175.66666666666666
35,175.66666666666666
36,175.66666666666666
37,175.66666666666666
38,56.63333333333333
39,233.0
40,255.0
41,197.76666666666668
42,51.53333333333333
43,170.0
44,170.0
45,170.0
46,170.0
47,111.56666666666666
48,103.6
49,255.0
50,255.0
51,255.0
52,64.0
53,228.96666666666667
54,255.0
55,255.0
56,255.0
57,73.6
58,218.8
59,255.0
60,255.0
61,255.0
62,175.66666666666666
63,118.46666666666667
64,255.0
65,255.0
66,208.63333333333333
67,84.33333333333333
68,255.0
69,255.0
70,255.0
71,255.0
72,253.33333333333334
73,54.43333333333333
74,241.33333333333334
75,255.0
76,92.96666666666667
77,200.66666666666666
78,255.0
79,255.0
80,255.0
81,255.0
82,255.0
83,154.6
84,140.03333333333333
85,226.1
86,66.83333333333333
87,255.0
88,255.0
89,255.0
90,255.0
91,255.0
92,255.0
93,247.03333333333333
94,53.333333333333336
95,109.96666666666667
96,179.56666666666666
97,255.0
98,255.0
99,255.0
