0,65.73333333333333
1,9.633333333333333
2,210.23333333333332
3,255.0
4,255.0
5,255.0
6,255.0
7,255.0
8,255.0
9,191.56666666666666
10,232.9
11,27.166666666666668
12,37.4
13,241.43333333333334
14,255.0
15,255.0
16,255.0
17,255.0
18,230.1
19,23.833333333333332
20,255.0
21,197.23333333333332
22,5.1
23,83.26666666666667
24,254.46666666666667
25,255.0
26,255.0
27,251.06666666666666
28,62.3
29,41.36666666666667
30,255.0
31,255.0
32,144.5
33,0.0
34,142.73333333333332
35,255.0
36,255.0
37,116.73333333333333
38,12.433333333333334
39,214.23333333333332
40,255.0
41,255.0
42,255.0
43,87.26666666666667
44,4.566666666666666
45,197.76666666666668
46,175.66666666666666
47,0.5333333333333333
48,168.26666666666668
49,255.0
50,255.0
51,255.0
52,255.0
53,243.1
54,41.36666666666667
55,30.066666666666666
56,17.0
57,110.5
58,255.0
59,255.0
60,255.0
61,255.0
62,255.0
63,255.0
64,214.76666666666668
65,3.3333333333333335
66,49.8
67,249.9
68,255.0
69,255.0
70,255.0
71,255.0
72,255.0
73,255.0
74,255.0
75,10.0
76,95.2
77,255.0
78,255.0
79,255.0
80,255.0
81,255.0
82,255.0
83,255.0
84,255.0
85,10.0
86,95.2
87,255.0
88,255.0
89,255.0
90,255.0
91,255.0
92,255.0
93,255.0
94,255.0
95,10.0
96,95.2
97,255.0
98,255.0
99,255.0
