0,113.33333333333333
1,113.33333333333333
2,113.33333333333333
3,113.33333333333333
4,113.33333333333333
5,113.33333333333333
6,113.33333333333333
7,113.33333333333333
8,30.22222222222222
9,0.0
10,255.0
11,255.0
12,255.0
13,255.0
14,255.0
15,255.0
16,255.0
17,255.0
18,68.0
19,0.0
20,255.0
21,255.0
22,255.0
23,255.0
24,255.0
25,255.0
26,255.0
27,255.0
28,68.0
29,0.0
30,255.0
31,255.0
32,255.0
33,255.0
34,255.0
35,255.0
36,255.0
37,255.0
38,68.0
39,0.0
40,255.0
41,255.0
42,255.0
43,255.0
44,255.0
45,255.0
46,255.0
47,255.0
48,68.0
49,0.0
50,255.0
51,255.0
52,255.0
53,255.0
54,255.0
55,255.0
56,255.0
57,255.0
58,68.0
59,0.0
60,255.0
61,255.0
62,255.0
63,255.0
64,255.0
65,255.0
66,255.0
67,255.0
68,68.0
69,0.0
70,255.0
71,255.0
72,255.0
73,255.0
74,255.0
75,255.0
76,255.0
77,255.0
78,68.0
79,0.0
80,255.0
81,255.0
82,255.0
83,255.0
84,255.0
85,255.0
86,255.0
87,255.0
88,68.0
89,0.0
90,255.0
91,255.0
92,255.0
93,255.0
94,255.0
95,255.0
96,255.0
97,255.0
98,68.0
99,0.0
