0,255.0
1,255.0
2,255.0
3,192.66666666666666
4,0.0
5,0.0
6,170.0
7,255.0
8,255.0
9,255.0
10,255.0
11,255.0
12,255.0
13,244.61111111111111
14,212.5
15,212.5
16,240.83333333333334
17,255.0
18,255.0
19,255.0
20,255.0
21,255.0
22,255.0
23,255.0
24,170.0
25,170.0
26,249.44444444444446
27,255.0
28,255.0
29,255.0
30,255.0
31,255.0
32,255.0
33,254.11111111111111
34,0.0
35,0.0
36,239.22222222222223
37,255.0
38,255.0
39,255.0
40,255.0
41,255.0
42,255.0
43,201.16666666666666
44,0.0
45,23.666666666666668
46,254.11111111111111
47,255.0
48,255.0
49,255.0
50,255.0
51,255.0
52,243.61111111111111
53,54.72222222222222
54,0.0
55,142.66666666666666
56,255.0
57,255.0
58,255.0
59,255.0
60,255.0
61,211.5
62,52.0
63,0.0
64,99.11111111111111
65,254.11111111111111
66,255.0
67,255.0
68,255.0
69,255.0
70,151.16666666666666
71,3.7777777777777777
72,7.611111111111111
73,150.27777777777777
74,255.0
75,255.0
76,255.0
77,255.0
78,255.0
79,255.0
80,14.0
81,0.0
82,118.05555555555556
83,255.0
84,255.0
85,255.0
86,255.0
87,255.0
88,255.0
89,255.0
90,47.05555555555556
91,0.0
92,86.88888888888889
93,255.0
94,255.0
95,255.0
96,255.0
97,255.0
98,244.61111111111111
99,182.27777777777777
