0,0.0
1,21.0
2,255.0
3,255.0
4,255.0
5,255.0
6,255.0
7,255.0
8,255.0
9,153.0
10,0.0
11,21.0
12,255.0
13,255.0
14,255.0
15,255.0
16,255.0
17,255.0
18,255.0
19,153.0
20,0.0
21,21.0
22,255.0
23,255.0
24,255.0
25,255.0
26,255.0
27,255.0
28,255.0
29,153.0
30,0.0
31,21.0
32,255.0
33,255.0
34,255.0
35,255.0
36,255.0
37,255.0
38,255.0
39,153.0
40,0.0
41,17.5
42,215.16666666666666
43,215.16666666666666
44,215.16666666666666
45,215.16666666666666
46,215.16666666666666
47,215.16666666666666
48,215.16666666666666
49,128.83333333333334
50,0.0
51,3.5
52,42.5
53,42.5
54,42.5
55,42.5
56,42.5
57,42.5
58,42.5
59,25.5
60,0.0
61,21.0
62,255.0
63,255.0
64,255.0
65,255.0
66,255.0
67,255.0
68,255.0
69,153.0
70,0.0
71,21.0
72,255.0
73,255.0
74,255.0
75,255.0
76,255.0
77,255.0
78,255.0
79,153.0
80,0.0
81,21.0
82,255.0
83,255.0
84,255.0
85,255.0
86,255.0
87,255.0
88,255.0
89,153.0
90,0.0
91,21.0
92,255.0
93,255.0
94,255.0
95,255.0
96,255.0
97,255.0
98,255.0
99,153.0
