0,0.3899747996125584
1,0.15151080381571402
2,0.15617376188860607
3,0.13656999298608047
4,0.16070147520167405
5,0.16939422832878556
6,0.20397766215226085
7,0.21593611893461728
8,0.25267578082437586
9,0.26783579200279006
10,0.3053797880035454
11,0.3225170020987338
12,0.47384988754392937
13,0.4924101124010706
14,0.5681655143089276
15,0.6072257397341584
16,0.6450340041974676
17,0.8176671859459325
18,0.8272614758937151
19,0.8744746321952062
20,0.8866942459474233
21,0.9110354838301878
22,0.974936999031396
23,0.9679216445041249
24,0.9877295966495895
25,0.9775089119203914
26,1.0
27,0.9967666522145499
28,0.97346428369059
29,0.9877295966495895
30,0.9679216445041249
31,0.9826325429633775
32,0.9656956814705675
33,0.974936999031396
34,0.9601081957202737
35,0.9708816564431477
36,0.8744746321952062
37,0.8384586528160264
38,0.8145907599336595
39,0.8268277870167827
40,0.8159106486090434
41,0.8307228360988211
42,0.8216056645409273
43,0.8388863287697824
44,0.8315859249924953
45,0.8511954628200238
46,0.8371743140694972
47,0.86083273553303
48,0.8637444757384691
49,0.8410214463203252
50,0.8456997306569781
51,0.787728696495589
52,0.7116573902047238
53,0.6963730592072542
54,0.6229701614802201
55,0.5874097506919973
56,0.515192432463559
57,0.44334712297371165
58,0.4192293264080132
59,0.3134937570742577
60,0.2884679762368844
61,0.25409134249317833
62,0.22883900100019253
63,0.1949873998062792
64,0.1442339881184422
65,0.11043152607484653
66,0.08469711416439278
67,0.053567158400558014
68,0.053567158400558014
69,0.08469711416439278
70,0.3759254482090708
