0,0.818615472018729
1,0.8239441888005556
2,0.8628612521613196
3,0.8704358927147016
4,0.8906270994063322
5,0.9615132129322644
6,0.9543749314849103
7,0.9702917515628919
8,0.9643537308280223
9,0.9817815272132813
10,0.9770338714679362
11,0.9958887039835831
12,1.0
13,0.9817815272132813
14,0.9870607074859084
15,0.9702917515628919
16,0.976753878949945
17,0.9615132129322644
18,0.9691635049585517
19,0.9428412760228674
20,0.9523666248792046
21,0.941389633474434
22,0.9205292930869026
23,0.9025250258687983
24,0.8826060477067771
25,0.8757616253910986
26,0.8374442729426622
27,0.8328590918987585
28,0.711349074273988
29,0.6782813911012326
30,0.6469081489460977
31,0.6139337593189593
32,0.5990510365737892
33,0.5661880675093166
34,0.5520005391174865
35,0.5193203772883926
36,0.5059817244431458
37,0.25190738459948914
38,0.2303550679503617
39,0.1422698148547976
40,0.2737613840643235
41,0.2958502193637737
42,0.418395392655304
43,0.4293652125834198
44,0.49339178000619405
45,0.5059817244431458
46,0.5384555269340049
47,0.5520005391174865
48,0.584725337156235
49,0.5990510365737892
50,0.6319363455742739
51,0.662367611973657
52,0.6954053648370865
53,0.8328590918987585
54,0.8374442729426622
55,0.8564978817511468
56,0.8628612521613196
57,0.8826060477067771
58,0.8906270994063322
59,0.9109712997518384
60,0.9555206400985103
61,0.9471828551290021
62,0.976753878949945
63,0.9643537308280223
64,0.9817815272132813
65,0.9728255222380447
66,0.9923118024834339
67,0.989275092114151
68,0.9691635049585517
69,0.9770338714679362
70,0.9589495529362254
71,0.9702917515628919
72,0.9393535651447273
73,0.9471828551290021
74,0.8906270994063322
75,0.8704358927147016
76,0.8628612521613196
77,0.8239441888005556
78,0.818615472018729
79,0.6946182617384036
80,0.6615412016556226
81,0.6139337593189593
82,0.5809710425637349
83,0.5661880675093166
84,0.5333515678866776
85,0.5193203772883926
86,0.42165143703595487
87,0.4091406375186247
88,0.31379654449147804
89,0.2930634989929881
90,0.1998358188257971
91,0.17812541988126643
92,0.11926103617007049
93,0.116945067431247
94,0.17027458838175966
95,0.19287074616560446
96,0.44130302385338854
97,0.4541324959207429
98,0.5193203772883926
99,0.5333515678866776
100,0.5661880675093166
101,0.5809710425637349
102,0.6139337593189593
103,0.6615412016556226
104,0.6946182617384036
