0,0.9350204603625849
1,0.8964018885388582
2,0.9137672189632688
3,0.8831538412242542
4,0.8974970653535704
5,0.8730858940499485
6,0.8920077351722197
7,0.8514404759502827
8,0.8244781644257968
9,0.8363077238895549
10,0.8136845302294827
11,0.8327765002751992
12,0.7990662527149409
13,0.8280447773168129
14,0.8409929578815074
15,0.8148908830493894
16,0.8525934087410503
17,0.8363077238895549
18,0.8606206925378691
19,0.8514404759502827
20,0.8798106601095693
21,0.8798106601095693
22,0.9137672189632688
23,0.9223272861570256
24,0.8974970653535704
25,0.9547729340524971
26,0.9392133982570835
27,0.9680555927467854
28,0.9475436136682766
29,0.9841574138948327
30,1.0
31,0.9680555927467854
32,0.9960629768398388
33,0.9721060522480501
34,0.9911197057469108
35,0.973116032834486
36,0.9960629768398388
37,0.976139704645932
38,0.9485797469616225
39,0.9588795032579291
40,0.9350204603625849
41,0.9516813783890568
42,0.9318633760750237
43,0.9547729340524971
44,0.9255169001247373
45,0.8974970653535704
46,0.9318633760750237
47,0.912691565595753
48,0.9350204603625849
49,0.9137672189632688
50,0.9423458585319606
51,0.9485797469616225
52,0.9223272861570256
53,0.9516813783890568
54,0.9318633760750237
55,0.9547729340524971
56,0.9255169001247373
57,0.9568284217578894
