0,0.9611386626644254
1,1.0
2,0.8226021911568641
3,0.8019894431815145
4,0.8159070951957472
5,0.7987432391730844
6,0.8055809947050782
7,0.7903868144125561
8,0.7987432391730844
9,0.7737763191955449
10,0.7845211540223406
11,0.7545091547921251
12,0.7355223120976911
13,0.7323756781524027
14,0.7144176717437559
15,0.713609049332114
16,0.5811710722691676
17,0.5484599475693369
18,0.5372928463802237
19,0.5051695802895148
20,0.49535952837879094
21,0.3730221126633068
22,0.34985975415165677
23,0.29231891218380535
24,0.2450432398097189
25,0.21758701903951777
26,0.1699069165076462
27,0.12252161990485945
28,0.15196936606339123
29,0.17492987707582838
30,0.20529930833935833
31,0.25086455589452455
32,0.31237006536593825
33,0.3346778120450901
34,0.46219678282178495
35,0.47391543861338814
36,0.5068810575140017
37,0.5198152096601208
38,0.5531768423728928
39,0.6288851531056896
40,0.6288851531056896
41,0.6645945472543276
42,0.6680605136396901
43,0.6872309467231151
44,0.7319813978125734
45,0.7228535958381657
46,0.7370905917292014
47,0.7296112413541834
48,0.7460442253266136
49,0.7402171830348483
50,0.7587062039591458
51,0.7483623382937193
52,0.7704112455681845
