0,0.8335452524376055
1,1.0
2,0.9511173836370814
3,0.6680140526714045
4,0.4420132605967298
5,0.4903696847743187
6,0.5139667788009091
7,0.5550607944623119
8,0.5790165071972788
9,0.6251011478846484
10,0.6491434997263658
11,0.6988843297416115
12,0.7228716017393103
13,0.7753425496928191
14,0.7992048071048008
15,0.8537574211121366
16,0.8774635015382645
17,0.9053469938044482
18,0.9511173836370814
19,0.9286698798091494
20,0.8668593234805761
21,0.8442255403657132
22,0.7831314051216827
23,0.7602859212697055
24,0.7001238536177897
25,0.6770387750270832
26,0.6181269488183566
27,0.5947749367899811
28,0.5376033305704704
29,0.5139667788009091
30,0.4593284869889277
31,0.4354255111067143
32,0.38467762946747597
33,0.36063527762575875
34,0.31622776601683794
35,0.2924878338460881
36,0.26555645579400405
37,0.24162264564848512
38,0.29738746839499053
39,0.10200306013770687
40,0.06800204009180459
41,0.053760333057047034
42,0.4593284869889277
43,0.4593284869889277
44,0.774223459550225
