0,0.9631915959106054
1,0.9448471668006502
2,0.9386526911859792
3,0.9142784894063696
4,0.8987089807838313
5,0.875372924454857
6,0.8712788501829154
7,0.7605734421198985
8,0.7412772141156814
9,0.7201597280276014
10,0.165754624093433
11,0.14123494254293895
12,0.12269707749777926
13,0.09892154637500583
14,0.07998870827348582
15,0.043379967765225534
16,0.06134853874888963
17,0.07760044542783513
18,0.1164006681417527
19,0.1371795029627971
20,0.14123494254293895
21,0.1301399032956766
22,0.09700055678479393
23,0.09700055678479393
24,0.08675993553045107
25,0.15997741654697165
26,0.17886018913191415
27,0.2025431088736463
28,0.7588395157169096
29,0.7798748246933224
30,0.7991809883650228
31,0.9093252512139403
32,0.9132487802279733
33,0.9364448019736107
34,0.9460414126956548
35,0.9700055678479392
36,0.9815766199822341
37,1.0
38,0.9742642437812115
39,0.9511991520561888
40,0.9410553897187083
41,0.9192050369134683
42,0.9169503216422383
43,0.8957727008857991
44,0.8943009456595709
45,0.8150355979766394
46,0.7956411171842231
47,0.7769738543493543
48,0.25516862556865294
49,0.23996612482045748
50,0.2025431088736463
51,0.1910689380936967
52,0.17351987106090214
53,0.17351987106090214
54,0.1910689380936967
55,0.2025431088736463
56,0.23996612482045748
57,0.25516862556865294
58,0.31281739621099125
59,0.31100744430035293
60,0.2529465052389699
61,0.2328013362835054
62,0.19400111356958785
63,0.1756754800600155
64,0.15640869810549562
65,0.12422132323863906
66,0.13989619249445231
67,0.14774684632309168
68,0.18404561624666887
69,0.19784309275001166
70,0.7382245839303625
71,0.7568530214303003
72,0.7762469177913071
73,0.855586701444319
74,0.8571249348449776
75,0.8783774003000775
76,0.8807308697242359
77,0.9026786550229814
78,0.9132487802279733
79,0.9364448019736107
