0,0.985625276552234
1,0.9684559155121288
2,0.9053891949827915
3,0.8883601610065003
4,0.8567970306482109
5,0.8399752005305033
6,0.7767915471099646
7,0.7601755061828159
8,0.6969423167589509
9,0.6805841551110945
10,0.6173099767629846
11,0.601283887585727
12,0.5379908467872294
13,0.5224072779413291
14,0.45914727956997065
15,0.44418008050325014
16,0.4126201438061548
17,0.39841951152113664
18,0.3356620376290084
19,0.3227324501061634
20,0.26096389257873354
21,0.2501877112015184
22,0.1911931804442108
23,0.18452933808726021
24,0.13426481505160337
25,0.1361168310222189
26,0.12050635947538625
27,0.13048194628936677
28,0.13048194628936677
29,0.7192189610061779
30,0.7216516969824406
31,0.1613662250530817
32,0.15823260199624398
33,0.14328571524856004
34,0.1629104346399329
35,0.15823260199624398
36,0.20263660179884302
37,0.2063100719030774
38,0.23362763708348766
39,0.2410127189507725
40,0.3002252534418221
41,0.31087773714303946
42,0.3724353126291057
43,0.3849965369977376
44,0.44754938350534457
45,0.46132334521815055
46,0.524320864121226
47,0.5389208230159791
48,0.5705157599475432
49,0.5856744161927119
50,0.6489466060827497
51,0.6645769283842246
52,0.7278699691827222
53,0.7438615428912081
54,0.8071413852750554
55,0.8234178924084097
56,0.8866675075265559
57,0.9031741722270776
58,0.9347784315409245
59,0.9515030410122626
60,0.9830817232111314
61,1.0
62,0.9062184327035383
63,0.8875142377919494
64,0.8565047580725407
65,0.8378860779482071
66,0.7758239840849352
67,0.7572054147060031
68,0.6951437529431476
69,0.6765253356635597
70,0.6144642784770213
71,0.5958460781302792
72,0.5337859037916137
73,0.5151680280701807
74,0.4840986751592452
75,0.46564496975355074
76,0.4034155626327043
77,0.3849965369977376
78,0.3227324501061634
79,0.30436648704753366
80,0.2420493375796226
81,0.22377469175267228
82,0.1613662250530817
83,0.14328571524856004
84,0.11188734587633614
85,0.09493956119774637
86,0.03164652039924879
87,0.04475493835053446
88,0.06713240752580169
89,0.09226466904363011
90,0.11410315198950863
91,0.1704217279222988
92,0.1911931804442108
93,0.2501877112015184
94,0.27038798881744935
95,0.3002252534418221
96,0.32039659950045846
97,0.3804169759795429
98,0.40030033792242947
99,0.4607802922397776
100,0.4804646390777433
101,0.5412387727368305
102,0.5607777702096811
103,0.6217554742860789
104,0.6411838075096085
105,0.6716969295357256
106,0.6911704383596664
107,0.7522292025438386
108,0.7716171911216413
109,0.8327906762600662
110,0.8521086396114939
111,0.8827053603154874
