0,0.9365538456501302
1,0.9059906802103355
2,0.9059906802103355
3,0.8782545519497623
4,0.8806800041017017
5,0.8551190963497304
6,0.8595974929170929
7,0.7320083178997372
8,0.7065031901408378
9,0.6967746267955479
10,0.6724718804783808
11,0.6660975955713536
12,0.6432903897908545
13,0.640632153668541
14,0.6196442885790208
15,0.62101974929163
16,0.584206237836986
17,0.5914637364503729
18,0.5370250501018179
19,0.5542267004528747
20,0.6319156637901491
21,0.6251279732464013
22,0.7022635270562234
23,0.7034774666434493
24,0.7481490242306928
25,0.7538298121363528
26,0.8020877195778595
27,0.8116052437437519
28,0.8369659165058583
29,0.8630646245068125
30,0.8898364308793704
31,0.9634976102986423
32,0.9568328016110796
33,0.9797436455121827
34,0.9709957592621707
35,0.997009179373122
36,1.0
37,0.9749420215543545
38,0.9853881271317155
39,0.9634976102986423
40,0.9709957592621707
41,0.8883969533703271
42,0.8625701732347729
43,0.8425542183868654
44,0.8184101794595442
45,0.8121307246947218
46,0.7667359121916546
47,0.7645070240103043
48,0.5330381720221963
49,0.5
50,0.4965753021614381
51,0.4682769228250651
52,0.4710021267605585
53,0.4468318510040129
54,0.45346598474131017
55,0.434242504714847
56,0.4449182154396852
57,0.41515653530380653
58,0.3929845544907069
59,0.3929845544907069
60,0.3740745121153464
61,0.380855871084127
62,0.32263844027011374
63,0.292103118918493
64,0.2978879006693419
65,0.27711335022643735
66,0.2876882081689375
67,0.2755695312491949
68,0.292103118918493
69,0.3146046872108187
70,0.35294954149225133
71,0.41515653530380653
72,0.4130961923860138
73,0.4790847360335553
74,0.48615647981580395
75,0.536230045890792
76,0.5488119343173459
77,0.575376416337875
78,0.609929218743563
79,0.6379628414184613
80,0.7065031901408378
81,0.7034774666434493
82,0.7594681091880818
83,0.7600296383658596
84,0.7908391879266035
85,0.8410338185584717
86,0.8246418190298336
87,0.8625701732347729
88,0.8516196173740044
89,0.9797436455121827
90,0.9670333932278385
91,0.9819184398541444
92,0.9608372344608007
93,0.9793081070841202
