0,0.8346983356131782
1,0.8179110968932902
2,0.825965749849434
3,0.8113320978575118
4,0.8209888541343681
5,0.7653432662920031
6,0.7465768876548
7,0.7457318654398567
8,0.7281928433801468
9,0.7299225200292848
10,0.7137630947025734
11,0.7181663634555653
12,0.6761100815479266
13,0.6629256109850289
14,0.6784374897442964
15,0.675643637834905
16,0.6926929010992471
17,0.7106645736152022
18,0.6976812613915092
19,0.7075524835826383
20,0.6963243435533246
21,0.7088879094016476
22,0.6761100815479266
23,0.6945109958302531
24,0.6648251151962541
25,0.6547912463469254
26,0.6282544524304933
27,0.6277524511897817
28,0.6031652533300607
29,0.604731241045636
30,0.5420525188256166
31,0.517657932599173
32,0.5003151591866669
33,0.47643061260321307
34,0.4616435357484827
35,0.43852900965351455
36,0.4268716668090516
37,0.3621429841700741
38,0.3568815473512867
39,0.2862991671569341
40,0.284088329691374
41,0.3415342580657681
42,0.3488406306957546
43,0.3930352030926918
44,0.4056660489287559
45,0.47643061260321307
46,0.4933351510367203
47,0.566509633806399
48,0.5862011412970872
49,0.6605435493440804
50,0.682144826031994
51,0.7570600866373283
52,0.7636938176800133
53,0.7389369003839599
54,0.7190437814534735
55,0.6455786186339558
56,0.6277524511897817
57,0.5797116298389156
58,0.5642792722576487
59,0.47177591021347764
60,0.4609601252542361
61,0.37665147071386906
62,0.3732884438274
63,0.2928315475807072
64,0.3034064691105126
65,0.2862991671569341
66,0.3054775270720053
67,0.30132117657109525
68,0.3273956231734627
69,0.33501049276823724
70,0.36560854623414524
71,0.3732884438274
72,0.4056660489287559
73,0.4268716668090516
74,0.4609601252542361
75,0.47377638241013476
76,0.5084407338357689
77,0.5373795650873954
78,0.5725983343138682
79,0.588348405414552
80,0.6237218961869962
81,0.6401843996644798
82,0.675643637834905
83,0.6926929010992471
84,0.7281928433801468
85,0.7457318654398567
86,0.7812429066512784
87,0.8175255625344235
88,0.8530044816115755
89,0.871649593512998
90,0.907096861568454
91,0.9260146611070041
92,0.9614249617754067
93,1.0
94,0.9294128914668207
95,0.909872986992699
96,0.8745382496283691
97,0.8552191226774519
98,0.8198360491836058
99,0.7820495593252754
100,0.7465768876548
101,0.7281928433801468
102,0.6926929010992471
103,0.6747097830170132
104,0.6391987418055914
105,0.6216968197499997
106,0.5862011412970872
107,0.5529925466228534
108,0.517657932599173
109,0.5022019609518253
110,0.4670748230102302
111,0.45267873021259264
112,0.41791532113195157
113,0.3930352030926918
114,0.35952189072673674
115,0.3415342580657681
116,0.3105947595595038
117,0.2807394307804941
118,0.39223227027636803
119,0.39702551050267754
120,0.4609601252542361
121,0.47177591021347764
122,0.5408880652383413
123,0.5558357147037486
124,0.5797116298389156
125,0.5968602169161558
126,0.6211895191190075
127,0.6401843996644798
128,0.6648251151962541
129,0.7071067811865475
130,0.732078868951768
131,0.7549750920788849
132,0.7537213268759494
133,0.7784130394753294
134,0.7788179357521117
135,0.8050909890382062
