0,0.9852082746137107
1,0.9498925108493305
2,0.9172954047544094
3,0.8828919137358185
4,0.8502378675367772
5,0.8169323944527153
6,0.7842550986746065
7,0.7522878434921683
8,0.7196427897189323
9,0.7042696420955276
10,0.6716754358198778
11,0.6424226703242212
12,0.6100248128481686
13,0.5831775908840662
14,0.5511721238331666
15,0.5389277682107674
16,0.5072880482607182
17,0.48578292551382335
18,0.455142063445886
19,0.4384119280843064
20,0.40944534253192955
21,0.39887722828726285
22,0.37257849604895243
23,0.3704227682379207
24,0.34659506153308706
25,0.3496623342567289
26,0.33083240482973314
27,0.343500400815464
28,0.33083240482973314
29,0.3411609838057825
30,0.3332443376480378
31,0.36093252893461863
32,0.3594502535591947
33,0.393486747691265
34,0.3975364607011025
35,0.43596950279561875
36,0.4444592748311694
37,0.46500607095222307
38,0.47634934933945683
39,0.5192503529039952
40,0.5334512238453517
41,0.5776584358884784
42,0.5940620930692205
43,0.6165539836346191
44,0.6344783160853396
45,0.6799704776732646
46,0.6993246685134578
47,0.7451569920979049
48,0.765653516281436
49,0.7712118724897115
50,0.7255537127390413
51,0.7069179928288412
52,0.6616648096594663
53,0.6444970143413605
54,0.6221571758981994
55,0.6065138495145541
56,0.5626760862194193
57,0.5492313708921073
58,0.5067615426198833
59,0.49611410429938774
60,0.47578860829830605
61,0.4678676737827149
62,0.42980272110703194
63,0.42605981046432795
64,0.39212754933730326
65,0.393486747691265
66,0.36534327340358863
67,0.37257849604895243
68,0.36167138851839575
69,0.3732943055389196
70,0.3587068189400424
71,0.37614392174608413
72,0.3704227682379207
73,0.39280773640416533
74,0.393486747691265
75,0.41847356922113865
76,0.42605981046432795
77,0.4539675013240584
78,0.4678676737827149
79,0.4977257407185595
80,0.5166734121691368
81,0.5477712937741156
82,0.5588677440734287
83,0.5904562200403204
84,0.6152536925908394
85,0.6473899298743555
86,0.6748474744127763
87,0.7072955191536578
88,0.7218650578692373
89,0.7544139556266223
90,0.7849355804500692
91,0.8175856791588368
92,0.8496096902308238
93,0.8822869860089325
94,0.9155476189720805
95,0.9482048118363119
96,1.0
97,0.9164219285321039
98,0.8783448006875324
99,0.8461463789484545
100,0.8087218102438698
101,0.7763866914845732
102,0.7397637463590131
103,0.7072955191536578
104,0.6893283096026506
105,0.6568055164091405
106,0.6217279539251376
107,0.5890983273573676
108,0.5555140282278463
109,0.5228367324497377
110,0.49124747227606047
111,0.4586477023772047
112,0.44385824781540784
113,0.41139664195292625
114,0.38456609811935355
115,0.35270293352423987
116,0.33083240482973314
117,0.3003823866620088
118,0.2858096096036741
119,0.2583367060845684
120,0.25521783876047865
121,0.23106337435539137
122,0.23563933094294703
123,0.2192059640421532
124,0.23789430414915302
125,0.23106337435539137
126,0.26141836622486886
127,0.2634527810804996
128,0.2820487929828181
129,0.28952157822957614
130,0.33083240482973314
131,0.343500400815464
132,0.3873327963670056
133,0.4035348349943585
134,0.4486439198197653
135,0.4672967551151665
136,0.53594749964015
137,0.5564742951990671
138,0.579503994698797
139,0.6012089617568448
140,0.5776584358884784
141,0.508339423581861
142,0.48578292551382335
143,0.43962805227370216
144,0.41847356922113865
145,0.37257849604895243
146,0.3534589964144206
147,0.33083240482973314
148,0.31428016719437535
149,0.27045274571881245
150,0.2583367060845684
151,0.21798475139780937
152,0.21302990523216397
153,0.18046626446730932
154,0.18628924802447622
155,0.16821667566952112
156,0.18628924802447622
157,0.18628924802447622
158,0.21302990523216397
159,0.2192059640421532
160,0.24886287035927976
161,0.2694638841053837
162,0.3012697811703815
163,0.32840275820457027
164,0.36093252893461863
165,0.39212754933730326
166,0.4248048451154119
167,0.4414459568679093
168,0.47410240591815594
169,0.5088642966422616
170,0.541398793401928
171,0.5776584358884784
172,0.6100248128481686
173,0.6473899298743555
174,0.6795777716181737
175,0.7177856439397645
176,0.7497997597080851
177,0.7691321962387071
178,0.80109375311593
179,0.8401306689102395
180,0.8719390055912375
181,0.8916172460203767
