0,0.9750801249128196
1,0.9562704246184757
2,0.9314387392630822
3,0.8937718528796932
4,0.8689523145719792
5,0.8312734959085367
6,0.8064679937852463
7,0.7687754060842477
8,0.7439863069976489
9,0.7062776543258323
10,0.6815079786766989
11,0.6626179140349285
12,0.6379900077587423
13,0.6001301942078902
14,0.5755432216610669
15,0.5376453291901642
16,0.5131093937943448
17,0.47516444521870527
18,0.4506939094329986
19,0.41268935048047944
20,0.38830561417522663
21,0.3502231431530475
22,0.32596012026013244
23,0.28777161083053343
24,0.2636877888716123
25,0.2253469547164993
26,0.20155644370746373
27,0.16298006013006622
28,0.13975424859373686
29,0.10077822185373186
30,0.07905694150420949
31,0.03952847075210474
32,0.02795084971874737
33,0.02795084971874737
34,0.05590169943749474
35,0.08838834764831843
36,0.1152443057161611
37,0.1505199322349037
38,0.17677669529663687
39,0.19465514377996793
40,0.2209708691207961
41,0.2569350598886808
42,0.28298078556679424
43,0.31930099436111997
44,0.34516753178710186
45,0.38171078711506173
46,0.4074501503251655
47,0.44414595011099667
48,0.4697905118241534
49,0.5065971032289861
50,0.5321683239352
51,0.5690589820045019
52,0.594571799701264
53,0.6315284039534563
54,0.6569936263008949
55,0.6940033321245656
56,0.7194290270763336
57,0.7564824023068878
58,0.7818747501998001
59,0.8189646665149846
60,0.8443285053816434
61,0.8814494455157368
62,0.9067886330341817
63,1.0
64,0.9939268710523929
65,0.9750801249128196
66,0.9503288904374105
67,0.9125856124221989
68,0.887852042853988
69,0.8689523145719792
70,0.8443285053816434
71,0.8064679937852463
72,0.7818747501998001
73,0.7439863069976489
74,0.7194290270763336
75,0.6815079786766989
76,0.6569936263008949
77,0.6190340257207191
78,0.594571799701264
79,0.5565659215223296
80,0.5321683239352
81,0.49410588440130926
82,0.4697905118241534
83,0.4316574162458002
84,0.4074501503251655
85,0.3692263871935482
86,0.34516753178710186
87,0.30682344271583945
88,0.28298078556679424
89,0.2444700901950993
90,0.2209708691207961
91,0.18221724671391562
92,0.15934435979977452
93,0.1202211503854459
94,0.09882117688026185
95,0.05929270612815711
96,0.044194173824159216
97,0.02795084971874737
98,0.03952847075210474
99,0.05590169943749474
100,0.0838525491562421
101,0.1152443057161611
102,0.14252192813739223
103,0.17677669529663687
104,0.20348525745124632
105,0.23881216468178498
106,0.2651650429449553
107,0.3010398644698074
108,0.32715630820756
109,0.3633610463437158
110,0.38931028755993585
111,0.42573465914816
112,0.4515597967047111
113,0.4881406047441658
114,0.5138701197773616
115,0.5505678886386309
116,0.5762215285808054
117,0.6130099917619614
118,0.6386019887222399
119,0.6754628043053147
120,0.7010037446404975
121,0.7379236071572721
122,0.7634215742301235
123,0.8003905296791061
124,0.8258518329579465
125,0.8628622427711157
126,0.8882919002219933
127,0.9067886330341817
128,0.9322771181360185
129,0.9878164050065172
