0,0.9727244694161935
1,0.9071067410144787
2,0.8798361637980695
3,0.814213830904725
4,0.7869493885260491
5,0.7213214044570692
6,0.6940647580196484
7,0.6284296761516123
8,0.6011832663979881
9,0.5355390092764978
10,0.5083066343436474
11,0.4644739396447739
12,0.4374592076704233
13,0.42866810608869066
14,0.4055453181533996
15,0.4111393109335616
16,0.39347469426302456
17,0.40617067753512204
18,0.39347469426302456
19,0.4030341774879027
20,0.39411920688870095
21,0.40617067753512204
22,0.3986016165684284
23,0.41421444212015796
24,0.4704463805305709
25,0.4644739396447739
26,0.5002537427212304
27,0.4977104942038184
28,0.5186863531990443
29,0.5186863531990443
30,0.5426013671700638
31,0.6045512662318541
32,0.5952434130775264
33,0.6186607444725009
34,0.6087350619395253
35,0.6231571816937094
36,0.6215258773724991
37,0.606228249387415
38,0.6128902983132442
39,0.5999153916656584
40,0.6066467708382925
41,0.5744120808084386
42,0.5857876817771328
43,0.5632573863241661
44,0.5792520996283551
45,0.6066467708382925
46,0.6721433253006333
47,0.6995284851404142
48,0.7650354160542235
49,0.7924132644812859
50,0.8579280908893564
51,0.8853001441193065
52,0.9508211786164544
53,0.9781885257342638
54,1.0
55,0.9946557703662321
56,0.9677542163949758
57,0.9017748995969821
58,0.8749184153408466
59,0.8088972251233049
60,0.7820966224857088
61,0.7160239907502746
62,0.6892944969701263
63,0.6231571816937094
64,0.5965212179392922
65,0.5744120808084386
66,0.5481857479114154
67,0.5411962684786623
68,0.5181967954182328
69,0.5225863055041794
70,0.5037927218598783
71,0.5137697839139084
72,0.49872934991536744
73,0.5063054193517729
74,0.49412795564329626
75,0.5037927218598783
76,0.4874048130421465
77,0.5002537427212304
78,0.5063054193517729
79,0.4946413354759399
80,0.5147568545336139
81,0.5063054193517729
82,0.5201522619719323
83,0.5137697839139084
84,0.5303001735919715
85,0.5225863055041794
86,0.5426013671700638
87,0.5573687275737286
88,0.5416650396955912
89,0.5564572490773765
90,0.5341153319436345
91,0.5449351472614077
92,0.5259750433175451
93,0.5098023903017329
94,0.5107971276189367
95,0.49617828791777574
96,0.5002537427212304
97,0.46392717790181154
98,0.4736723363608039
99,0.45620371262317394
100,0.4704463805305709
101,0.4920690802066631
102,0.5201522619719323
103,0.5849204900629071
104,0.6128902983132442
105,0.6777837877554777
106,0.7056695707958563
107,0.7924132644812859
108,0.8201151336777719
109,0.8853001441193065
110,0.9129636017230184
111,0.9781885257342638
