0,0.9859958855286147
1,0.9859958855286147
2,0.9117418366848338
3,0.7379020137884355
4,0.7462307427226683
5,0.7123317792004216
6,0.6693908084132419
7,0.6352831435156336
8,0.6140103033806533
9,0.5798426963703109
10,0.5586713887812484
11,0.5244338874906718
12,0.503387781281622
13,0.4690679288534474
14,0.4481799479675522
15,0.41376202233269976
16,0.3930798174575487
17,0.35854395837404174
18,0.3183703870297199
19,0.28345388743864336
20,0.264271276886823
21,0.22920295064295387
22,0.210948766180389
23,0.1757906384836575
24,0.15918519351485996
25,0.12430275254090709
26,0.11117976178872119
27,0.07861596349150975
28,0.07458165152454425
29,0.055589880894360594
30,0.08963598959351043
31,0.10250267565623479
32,0.12676443215987607
33,0.1491633030490885
34,0.17402385355726993
35,0.20043216596155308
36,0.22512185959770062
37,0.25352886431975213
38,0.277949404471803
39,0.3075080269687044
40,0.3316811133294017
41,0.3619750792151387
42,0.41001070262493916
43,0.44053007737602834
44,0.4644334108113605
45,0.4953429596887658
46,0.519103534571332
47,0.5503117444405682
48,0.5739503775124853
49,0.6053939660592222
50,0.628927707932078
51,0.660561247673754
52,0.6840040624721233
53,0.715793922460506
54,0.7626153684834963
55,0.7943714231849016
56,0.8177571908816003
57,0.8496345466102306
58,0.8729558499406553
59,1.0
60,1.0
61,0.9228589961761432
62,0.7515949254850203
63,0.7589596679027748
64,0.7248033704628887
65,0.682647358863754
66,0.648283842670393
67,0.6274519271545731
68,0.5930166328386065
69,0.5723328532698563
70,0.5378159375610627
71,0.5173145452137804
72,0.48270457661164706
73,0.46243297045427506
74,0.42771708357823685
75,0.40774334495155995
76,0.3729082576227213
77,0.33446450014036005
78,0.2993606702251094
79,0.281265021573852
80,0.2461068938771205
81,0.22920295064295387
82,0.19416710654938493
83,0.17927197918702087
84,0.14496067409257773
85,0.13387816168264838
86,0.10250267565623479
87,0.09944220203272568
88,0.07861596349150975
89,0.1054743830901945
90,0.11117976178872119
91,0.13387816168264838
92,0.1512208251137523
93,0.1757906384836575
94,0.19888440406545135
95,0.22374495457363278
96,0.249845440479817
97,0.274593755448882
98,0.3024416502275046
99,0.32698948925245624
100,0.35594891371068554
101,0.4047004416429607
102,0.4341708492388693
103,0.45840590128590775
104,0.48843231980076623
105,0.512513378281174
106,0.542962618822708
107,0.5669077748772867
108,0.5976881708444355
109,0.6215137627045354
110,0.652559854275161
111,0.7000794586722872
112,0.7311707258964291
113,0.7548770150080024
114,0.7861596349150974
115,0.809782586152357
116,0.8412275449885519
117,0.8647755984066072
