0,0.3045072725403405
1,0.2876437803346225
2,0.31145510045682445
3,0.3227025677280235
4,0.3125980587948996
5,0.33034802035223687
6,0.33034802035223687
7,0.3125980587948996
8,0.238875157648325
9,0.20339486764074527
10,0.19443029181110585
11,0.16245267060116111
12,0.18694938172317171
13,0.18884739365012448
14,0.22023201356815794
15,0.2723595844173025
16,0.3045072725403405
17,0.2876437803346225
18,0.29859394706040626
19,0.2888809635939369
20,0.2749659556154245
21,0.2876437803346225
22,0.2788298352630333
23,0.26303398238931686
24,0.2749659556154245
25,0.2749659556154245
26,0.26303398238931686
27,0.2788298352630333
28,0.26707054531881674
29,0.2949890590103402
30,0.33463843413110445
31,0.3215955230666166
32,0.21531915733389492
33,0.24036349078693509
34,0.2533653657452043
35,0.2876437803346225
36,0.29859394706040626
37,0.33463843413110445
38,0.3482173882802427
39,0.3851746181252491
40,0.40060581797822514
41,0.588161865014995
42,0.609014545080681
43,0.6465093366662049
44,0.8016566299568539
45,0.8533729335794805
46,0.8445512191506809
47,0.8621043821737571
48,0.8487634708130355
49,0.8695186987495068
50,0.8562933090351873
51,0.8317864863748595
52,0.8347823825693836
53,0.8122633530058055
54,0.8170787532519077
55,0.7777211672444234
56,0.7520774840950492
57,0.7191094508365563
58,0.7891019471679506
59,0.8135794705629811
60,0.8487634708130355
61,0.8732022493849612
62,0.8841608286384983
63,0.9197469105454592
64,0.931689674233193
65,0.9677392511428724
66,0.9805526986676847
67,0.9710502865755655
68,1.0
69,0.9885218579391125
70,0.9677392511428724
71,0.9647865691998497
72,0.8012116359564503
73,0.9064674895205974
74,0.9072540124360501
75,0.9677392511428724
76,0.9780034394275395
77,0.9343653013704732
78,0.8248978668462733
79,0.40060581797822514
80,0.3748513733047721
81,0.3823868279146456
82,0.3632552145905779
83,0.3719862252599777
84,0.33992530857022407
85,0.3215955230666166
86,0.3260011464758465
87,0.29859394706040626
88,0.3125980587948996
