0,0.9035697848890164
1,0.7594157812207509
2,0.612651994001019
3,0.5967950934463552
4,0.49656353316142077
5,0.4637547769572675
6,0.3162277660168379
7,0.2818724087145114
8,0.14804664203952106
9,0.1110349815296408
10,0.1110349815296408
11,0.11704114719613057
12,0.2158132119814573
13,0.23699026047845054
14,0.3934393479914601
15,0.418739138072171
16,0.575766314849235
17,0.602506181404089
18,0.7594157812207509
19,0.7868786959829202
20,0.839112381651645
21,0.9551590271380404
22,1.0
23,0.8640459145588002
24,0.6204284864908406
25,0.5979416748942512
26,0.5502178895922935
27,0.5155127783649347
28,0.37744635834070184
29,0.3412306495090726
30,0.22513314173361795
31,0.18872317917035092
32,0.1570271767770641
33,0.13344743975843895
34,0.22513314173361795
35,0.23408229439226114
36,0.38105836751350153
37,0.4003423192753169
38,0.555174907648204
39,0.5781406190041188
40,0.7346604844397583
41,0.7594157812207509
42,0.8640459145588002
43,0.9715120258845776
