0,0.7711365986418711
1,0.6902355053021633
2,0.6917631401592891
3,0.667955591911362
4,0.6716329214236317
5,0.6503395962335948
6,0.6631976363466138
7,0.6459967122881678
8,0.7142857142857143
9,0.6049293175569951
10,0.5462430059361226
11,0.5577172736736563
12,0.5285647716263004
13,0.5468867810634118
14,0.5410652302559992
15,0.5102744497567905
16,0.7734147028624424
17,0.8028801076602694
18,0.8782299388400612
19,1.0
20,1.0
21,0.8782299388400612
22,0.8028801076602694
23,0.7734147028624424
24,0.7734147028624424
