0,1.0
1,0.9611386626644254
2,0.8706797005085153
3,0.41130109557843203
4,0.38520562278409226
5,0.07598468303169562
6,0.07598468303169562
7,0.09907190567575819
8,0.12014233283305317
9,0.14417079939966382
10,0.1699069165076462
11,0.19372369075638923
12,0.22153151575144253
13,0.2450432398097189
14,0.30393873212678246
15,0.32682247937589015
16,0.35720883587187796
17,0.37992341515847805
18,0.41059861667871667
19,0.433179341383434
20,0.46406677069947216
21,0.4865393655939027
22,0.5489860483594301
23,0.5711501301161015
24,0.6026308756497415
25,0.6247401307318765
26,0.6562895209698788
27,0.6783521672535232
28,0.70995885122928
29,0.7319813978125734
30,0.7954837881910772
31,0.8173211466816046
32,0.8491947007152504
33,0.9196972089335123
34,0.8799144405183917
35,0.81307161452508
36,0.7933033808333168
37,0.7598468303169561
38,0.7402171830348483
39,0.7066984029941324
40,0.6872309467231151
41,0.6536449587517803
42,0.6343697204811082
43,0.5670921737136723
44,0.5479333416413141
45,0.5142316405459393
46,0.49535952837879094
47,0.4615717699830283
48,0.44306303150288506
49,0.40919004094355754
50,0.3911550964372344
51,0.3232699556148595
52,0.30583244971376317
53,0.27185106641223394
54,0.25542610325949056
55,0.22153151575144253
56,0.20670068507424366
57,0.14010883265680524
58,0.12939725252391965
59,0.09907190567575819
60,0.12014233283305317
61,0.14417079939966382
62,0.1699069165076462
63,0.19372369075638923
64,0.22153151575144253
65,0.2450432398097189
66,0.27396667082065707
67,0.29721571702727456
68,0.4514538997024856
69,0.46219678282178495
70,0.4947764092497898
71,0.5068810575140017
72,0.5399726278239261
73,0.6804766703166726
74,0.6830173512280064
75,0.7017793287978383
76,0.7066984029941324
77,0.726439003541282
78,0.7763835151435178
79,0.7677837695986562
80,0.7826791201257584
81,0.7756394962709929
82,0.7925752454060655
83,0.787092759176035
84,0.8059392695703353
85,0.7962092637528856
86,0.8183800818871151
