0,0.9351378286759069
1,0.8982742074245135
2,0.8574219578440381
3,0.8204288197496856
4,0.780804183143119
5,0.6695340634119862
6,0.6313641498019763
7,0.5199469468957453
8,0.48423419811150237
9,0.4102144098748428
10,0.37874566117919944
11,0.2703764935712091
12,0.24913643956121992
13,0.15756771943166706
14,0.16609095970747995
15,0.1485562705416415
16,0.18937283058959972
17,0.23780606413195404
18,0.29006539096293915
19,0.3713906763541037
20,0.42345052228989655
21,0.48423419811150237
22,0.5356272507295889
23,0.6313641498019763
24,0.6817826532018079
25,0.780804183143119
26,0.8304547985373998
27,0.8975061233102036
28,0.8574219578440381
29,0.8111294807136273
30,0.7754864991376882
31,0.7296669055832588
32,0.6581059552046783
33,0.6125131947910212
34,0.5765533740283273
35,0.5317505248607237
36,0.49549696404651195
37,0.451816258045771
38,0.37874566117919944
39,0.3363085611099754
40,0.29942473580817114
41,0.25997347344787264
42,0.22283440581246225
43,0.18937283058959972
44,0.1174440439029407
45,0.10504514628777806
46,0.08304547985373997
47,0.11141720290623112
48,0.1174440439029407
49,0.16609095970747995
50,0.21009029257555611
51,0.26261286571944514
52,0.29006539096293915
53,0.34240528516707336
54,0.3713906763541037
55,0.42345052228989655
56,0.48423419811150237
57,0.5356272507295889
58,0.5669032636568849
59,0.6181172748898395
60,0.6817826532018079
61,0.7324969106678411
62,0.7647402083105718
63,0.8153696009828283
64,0.9468641529479987
65,0.9656157585206697
66,1.0
