0,0.9791220850276073
1,0.9553894546429962
2,0.941929397543658
3,0.9181729722043973
4,0.9047935471610185
5,0.8810128513190844
6,0.8677218312746247
7,0.8439165373135068
8,0.8307228360988211
9,0.806892830661028
10,0.7938067301432131
11,0.7699522055635816
12,0.7569856403422469
13,0.7331072213471859
14,0.7202741387882627
15,0.6963730592072542
16,0.6836898791038932
17,0.6597682302498802
18,0.6349459697525621
19,0.610994438379166
20,0.5988990377257332
21,0.5749430762167038
22,0.563092506371473
23,0.5391422062015652
24,0.5275753259333835
25,0.5036452487469388
26,0.49241011240107063
27,0.4685212856658182
28,0.45767800200038516
29,0.4338609156373123
30,0.42348557082196386
31,0.3997847340412755
32,0.3899747996125584
33,0.3664557456042546
34,0.357337516125044
35,0.3340976412059765
36,0.3258363039734638
37,0.3030216076314281
38,0.2958343015995093
39,0.27366475107836474
40,0.26783579200279006
41,0.24664171936868676
42,0.23955961509029328
43,0.2208630521496931
44,0.22021249682742122
45,0.20397766215226085
46,0.20607697298542357
47,0.1931391362941135
48,0.1982708609196356
49,0.18938850476964256
50,0.19754591932991794
51,0.1931391362941135
52,0.20397766215226085
53,0.20397766215226085
54,0.21693045781865616
55,0.2208630521496931
56,0.23532998291937246
57,0.24253562503633297
58,0.25801360167898707
59,0.26783579200279006
60,0.28395647008125086
61,0.2958343015995093
62,0.31234752377721214
63,0.3258363039734638
64,0.34257862568703606
65,0.357337516125044
66,0.3742040812238572
67,0.3899747996125584
68,0.42382422387154284
69,0.44042499365484244
70,0.45736441648772097
71,0.47460623261833823
72,0.4915352344004465
73,0.509310727850481
74,0.5262138389515812
75,0.5444384257435472
76,0.5613061218357858
77,0.579912425981499
78,0.5967391062898507
79,0.6156728714573133
80,0.6324555320336759
81,0.6711945709556539
82,0.6578081948667556
83,0.6412416220041638
84,0.6285872661926204
85,0.6121673986417668
86,0.6003346747142592
87,0.5841031335203015
88,0.5731936257218404
89,0.5572014516095172
90,0.5473295021567295
91,0.5160272033579741
92,0.507617723516546
93,0.49241011240107063
94,0.485366935104741
95,0.4706599658387449
96,0.46514063531036476
97,0.45104692499886595
98,0.4472135954999579
99,0.4338609156373123
100,0.4318722378692346
101,0.4072513456534985
102,0.4079553243045217
103,0.39690336507160656
104,0.3997847340412755
105,0.3899747996125584
106,0.3950918386598359
107,0.3866495156076827
108,0.3940009249200776
109,0.3870204025184806
110,0.3965417218392712
111,0.386278272588227
112,0.39870666088581996
113,0.3954548078118672
114,0.40970997895824146
115,0.4079553243045217
116,0.42382422387154284
117,0.45767800200038516
118,0.5126799645534428
119,0.5294755262097516
120,0.5880200467014811
121,0.6046211330169285
122,0.6246950475544243
123,0.6329090677908021
124,0.5916686031990186
125,0.575192563351994
126,0.5348674730933956
127,0.5182466854430816
128,0.5053515616487517
129,0.5095923484016394
130,0.49820337184031177
131,0.5036452487469388
132,0.4938647983247948
133,0.5005019001765572
134,0.49241011240107063
135,0.500215161739859
136,0.4938647983247948
137,0.5121199644250333
138,0.5081826849863567
139,0.5185234527180533
140,0.5163051603958293
141,0.5275753259333835
142,0.5270311531986451
143,0.5391422062015652
144,0.5402056040911971
145,0.5661417660645078
146,0.5691746900851903
147,0.5828737001775599
148,0.587287615385408
149,0.6015284215179119
150,0.6072257397341584
151,0.6219329335933995
152,0.6288154699635047
153,0.6439209162167846
154,0.6518927304352006
155,0.6828499649304025
156,0.6920329563146093
157,0.707816575223192
158,0.7178798690980553
159,0.7338896198850586
160,0.7447569004353397
161,0.7609553762530977
162,0.772556545176454
163,0.7889116779342676
164,0.8011827698490607
165,0.8176671859459327
166,0.830550110691798
167,0.8471405189362207
168,0.8410214463203253
169,0.8216929718749543
170,0.8049345660779793
171,0.7858139644983244
172,0.7690199468301642
173,0.7501315044920883
174,0.7333028992423954
175,0.714675032250088
176,0.6978137616234343
177,0.6794799260249528
178,0.6625891564490792
179,0.6445889996572983
180,0.6276736214274645
181,0.6100544463788691
182,0.5761894316273788
183,0.5590009534849923
184,0.5420615306521138
185,0.5253952532774041
186,0.5084649303205223
187,0.49241011240107063
188,0.47551225870413194
189,0.4601789933084222
190,0.44334712297371165
191,0.4288719312673439
192,0.41215394597084715
193,0.39870666088581996
194,0.3821707986865599
195,0.36996257905303015
196,0.35370553291858
197,0.3429971702850177
198,0.3271545951455071
199,0.3182628602375711
200,0.3030216076314281
201,0.29631887899487686
202,0.2819281836166085
203,0.2778271915239251
204,0.264602243381071
205,0.26351557659932257
206,0.2518226243734694
207,0.25409134249317833
208,0.23532998291937246
209,0.24253562503633297
210,0.23593885840773068
211,0.24664171936868676
212,0.24253562503633297
213,0.2563399822767214
214,0.2546553639252405
215,0.2710307653260569
216,0.2715596063466347
217,0.2899562129907495
218,0.2924197764883424
219,0.31234752377721214
220,0.31645453389540107
221,0.3375156088637766
222,0.3429971702850177
223,0.364886334771153
224,0.37151054639567604
225,0.3940009249200776
226,0.4015750911124949
227,0.4245007194718729
228,0.4328677188009218
229,0.4561079184639413
230,0.46514063531036476
231,0.48860766080567275
232,0.49820337184031177
233,0.5218332104893133
234,0.5319086662842529
235,0.5556543830478502
236,0.5769359524737689
237,0.6008124580566697
238,0.6119329864567825
239,0.6358491650451903
240,0.6472544376287652
241,0.6711945709556539
242,0.6828499649304025
243,0.7068023655387222
244,0.7186788452708799
245,0.7426348067799091
246,0.7547078448866349
247,0.7786608819056233
248,0.7909096156237344
249,0.8148549087034842
250,0.8272614758937151
251,0.8511954628200238
252,0.8637444757384692
253,0.887664548166556
254,0.9003426734853285
255,0.9242469500502493
256,0.9370425713316364
257,0.9609297267447555
258,1.0
