0,0.9462822756493602
1,0.9156063273902264
2,0.9030978201710359
3,0.8725678409038868
4,0.8489501517263346
5,0.8187658646660252
6,0.8077552464937268
7,0.7778392391088188
8,0.7675030862578308
9,0.7379230947108564
10,0.728349989804097
11,0.6991905152196275
12,0.6904829461580788
13,0.661849326126202
14,0.6541253406479767
15,0.6261485091170514
16,0.6195429724205592
17,0.5923847157890588
18,0.587049656442069
19,0.5609078521349481
20,0.5539613568637747
21,0.5298449973344914
22,0.5284729320256937
23,0.5060141685950837
24,0.5064922170423666
25,0.4860094932125705
26,0.48849295083995753
27,0.47031945231053796
28,0.4749280273592469
29,0.4593863493899316
30,0.4661846955634013
31,0.4535543185166594
32,0.46253646411814475
33,0.45302041095252366
34,0.4641035034940692
35,0.4578031636951132
36,0.4708337438281185
37,0.4677395126500378
38,0.4978171130296441
39,0.49878846441773816
40,0.5154909125574688
41,0.5192331824657158
42,0.5371034862004469
43,0.543375132266765
44,0.5622007647657503
45,0.5707453390204362
46,0.5903384757686851
47,0.6009028379999216
48,0.621103536536199
49,0.6334496589898415
50,0.6541253406479767
51,0.6349760459233231
52,0.6136555125580908
53,0.587049656442069
54,0.5656340837921083
55,0.5393517316336931
56,0.5178330005483637
57,0.49194872980723764
58,0.47031945231053796
59,0.4449349235077246
60,0.4231902988510326
61,0.39844810278112025
62,0.37658988557414463
63,0.3526967055674076
64,0.33074178122373266
65,0.30800862436222487
66,0.2860080083363517
67,0.2649224986672457
68,0.2211034546480647
69,0.20283565753836838
70,0.18142172740666376
71,0.16755169984228369
72,0.1475846189421713
73,0.14087267771372228
74,0.12445427825741102
75,0.12828453370382928
76,0.11847694315781176
77,0.13382452280566007
78,0.13200369615523924
79,0.15556784782176378
80,0.16016690230022299
81,0.18797334572435356
82,0.19677949192289507
83,0.22651020547626183
84,0.2508456172974289
85,0.28174535542744455
86,0.295988016816123
87,0.32706267032398834
88,0.3422492652078803
89,0.373362834772233
90,0.3892306308952386
91,0.42032117899772403
92,0.4366997590725877
93,0.4677395126500378
94,0.4845133085645696
95,0.5154909125574688
96,0.5325785236314873
97,0.5634907108548891
98,0.5984814600998536
99,0.6292330031980597
100,0.6470575293379958
101,0.6777475364296764
102,0.6957205656856127
103,0.7263535950310432
104,0.7444535148805503
105,0.7509271455529917
106,0.7395611058156297
107,0.70949854808775
108,0.6904829461580788
109,0.6603850559118036
110,0.6414226685191463
111,0.6112846517456705
112,0.5923847157890588
113,0.5622007647657503
114,0.543375132266765
115,0.5131381348153171
116,0.4944023546531145
117,0.4641035034940692
118,0.4454785216622039
119,0.4151067929634199
120,0.3966217458654031
121,0.36616322620992514
122,0.3300092403880981
123,0.2992407300499268
124,0.28174535542744455
125,0.2508456172974289
126,0.2338697563250189
127,0.20283565753836838
128,0.1866814173861165
129,0.15556784782176378
130,0.14087267771372228
131,0.11000308012936603
132,0.09838974596144753
133,0.06957205656856127
134,0.06600184807761962
135,0.04919487298072377
136,0.06222713912870551
137,0.06957205656856127
138,0.11218157042698962
139,0.13200369615523924
140,0.15400431218111243
141,0.1773746370219375
142,0.19922405139056013
143,0.22436314085397924
144,0.24597436490361882
145,0.2721325911099956
146,0.2935248282210345
147,0.32033380460044597
148,0.34154140661099364
149,0.368797527988641
150,0.38985190923301044
151,0.41743233941136765
152,0.4593863493899316
153,0.4870043959799289
154,0.5079236628087389
155,0.5357500103332897
156,0.5117212757792945
157,0.49194872980723764
158,0.483012489341251
159,0.4641035034940692
160,0.4578031636951132
161,0.44001232051746414
162,0.4366997590725877
163,0.42032117899772403
164,0.42032117899772403
165,0.40567131507673676
166,0.409235113973858
167,0.38485360111148775
168,0.39355898384579013
169,0.3842242407539668
170,0.3966217458654031
171,0.38985190923301044
172,0.40567131507673676
173,0.40147356841698023
174,0.42032117899772403
175,0.4185902676812769
176,0.44001232051746414
177,0.4405619925875149
178,0.4641035034940692
179,0.4667035434652913
180,0.49194872980723764
181,0.4963565217750399
182,0.5229486730240537
183,0.5289306825939968
184,0.5565764525484902
185,0.5720160166727034
186,0.6009028379999216
187,0.6100957663705526
188,0.6395333487494089
189,0.6496704056763065
190,0.6795306164287855
191,0.6904829461580788
192,0.7206671105446094
193,0.7323264524198503
194,0.7627585337657826
195,0.7750339592222556
196,0.8056552293006705
197,0.818470227947716
198,0.8492351778051145
199,0.8625251655349113
200,0.8933983976922233
201,0.9211403345706312
202,0.9831592595908684
203,1.0
