0,0.7245955559272995
1,0.67479131174291
2,0.6755559480355232
3,0.6458636907837388
4,0.6498480820046174
5,0.6366049599748126
6,0.6430599281903608
7,0.6313117024644479
8,0.6402438874488309
9,0.6300838665486314
10,0.6414522758547804
11,0.6329451119279416
12,0.7738631810761493
13,0.7501505613803722
14,0.9091401873348001
15,0.9099915752416842
16,0.7511821693324289
17,0.7755291963114221
18,0.6414522758547804
19,0.6506420323092702
20,0.6402438874488309
21,0.6510386443743306
22,0.6430599281903608
23,0.6553855364152323
24,0.6498480820046174
25,0.6636050849926368
26,0.6604858898858136
27,0.6910445655936753
28,0.6910445655936753
29,0.7418460557755893
30,0.7874204567673321
31,0.7397553628750699
32,0.7418460557755893
33,0.7134666001793654
34,0.7185139255635232
35,0.7058279408508136
36,0.7131047099201306
37,0.7017935574028761
38,0.7220975583956722
39,0.7131047099201306
40,0.8258222854120117
41,0.8483334203913069
42,0.8887526425726774
43,0.9114087877110826
44,0.9326853221587476
45,0.9553803838536508
46,0.9772845968667996
47,1.0
48,0.9997418355449428
49,0.9772845968667996
50,0.9318546685973518
51,0.9099915752416842
52,0.8872992439835469
53,0.8455904634051612
54,0.8230043054152633
55,0.70472994494488
56,0.7131047099201306
57,0.6910445655936753
58,0.7017935574028761
59,0.6936544005952476
60,0.7058279408508136
61,0.6999520597198355
62,0.7274399066310713
63,0.7245955559272995
64,0.7711900705633256
