0,1.0
1,1.0
2,0.9149339169569516
3,0.7610423906471905
4,0.761702731240532
5,0.7300213155562071
6,0.6976221914265913
7,0.6659120918162916
8,0.6349942498443151
9,0.60332579180807
10,0.5742943294799282
11,0.5427894732467378
12,0.5162030226405184
13,0.485071250072666
14,0.46170601952602497
15,0.43130398467855335
16,0.4122312949338949
17,0.38315459141851343
18,0.3698001308168194
19,0.3429971702850177
20,0.33708298259382496
21,0.31391397053161246
22,0.3171009961029961
23,0.299152481419202
24,0.3123082619426309
25,0.3008284187980934
26,0.3233808333817773
27,0.31868255701686504
28,0.33333333333333337
29,0.33333333333333337
30,0.3677551374572408
31,0.37318355107825235
32,0.41162103361493596
33,0.42127914576037256
34,0.46225016352102427
35,0.4751226985555996
36,0.517661913037023
37,0.5329749927396897
38,0.5764787965884246
39,0.5936652350120737
40,0.6156987634551994
41,0.6342019922059922
42,0.6786257666204301
43,0.6983425036385331
44,0.6983425036385331
45,0.6786257666204301
46,0.6342019922059922
47,0.6156987634551994
48,0.5936652350120737
49,0.5764787965884246
50,0.5329749927396897
51,0.517661913037023
52,0.4751226985555996
53,0.46225016352102427
54,0.42127914576037256
55,0.41162103361493596
56,0.37318355107825235
57,0.3677551374572408
58,0.3502494980867282
59,0.34881109571329566
60,0.31868255701686504
61,0.3233808333817773
62,0.3008284187980934
63,0.3123082619426309
64,0.299152481419202
65,0.3171009961029961
66,0.31391397053161246
67,0.33708298259382496
68,0.3429971702850177
69,0.3698001308168194
70,0.38315459141851343
71,0.4122312949338949
72,0.42127914576037256
73,0.45124262819714017
74,0.47300160448793926
75,0.503881365369884
76,0.5427894732467378
77,0.5742943294799282
78,0.60332579180807
79,0.6349942498443151
80,0.6659120918162916
81,0.6976221914265913
82,0.7300213155562071
83,0.761702731240532
84,0.7610423906471905
85,0.9149339169569516
86,1.0
87,1.0
88,0.8652267885798609
89,0.8461309928812013
90,0.8152641325558708
91,0.7773826476030764
92,0.7463671021565047
93,0.709059383019195
94,0.6778845039561469
95,0.6412970767699673
96,0.6099559446379678
97,0.5742943294799282
98,0.5427894732467378
99,0.5253742471300923
100,0.49380271991359803
101,0.46006972606402113
102,0.4283798561514768
103,0.3966932193858206
104,0.36501065777810354
105,0.33633639699815626
106,0.3049779723189839
107,0.2809521983499456
108,0.2506903489984112
109,0.24149692379638532
110,0.21271781490575853
111,0.20304370738611935
112,0.17937941173235
113,0.1849000654084097
114,0.170764112452115
115,0.19288500574155462
116,0.19026059766179762
117,0.2242242646654375
118,0.23085300976301248
119,0.2709312098347918
120,0.2836237532076781
121,0.32647545732150074
122,0.3429971702850177
123,0.38707109447357774
124,0.4060874147722387
125,0.47300160448793926
126,0.49380271991359803
127,0.5162030226405184
128,0.53813823519705
129,0.5162030226405184
130,0.4714045207910317
131,0.4506851942249877
132,0.3838101172894424
133,0.36501065777810354
134,0.32104028995244527
135,0.3049779723189839
136,0.262447773061072
137,0.2506903489984112
138,0.21153274822030033
139,0.20672455764868075
140,0.1751247490433641
141,0.1807753815155468
142,0.16323772866075037
143,0.1807753815155468
144,0.1807753815155468
145,0.20672455764868075
146,0.21271781490575853
147,0.24149692379638532
148,0.2614881801842454
149,0.2923526731023431
150,0.31868255701686504
151,0.3502494980867282
152,0.38052119532359524
153,0.4122312949338949
154,0.44507245725515215
155,0.47670732562936124
156,0.49380271991359803
157,0.5253742471300923
158,0.5605606616635938
159,0.5919690451597536
160,0.6282282139384826
161,0.6594633465782164
162,0.6965403264312102
163,0.7276068751089989
164,0.7653244201476974
165,0.7962329609508608
166,0.8344637882957372
167,0.8652267885798609
