0,0.8675844066733235
1,0.8675844066733235
2,0.9041944301794651
3,0.8883632079218439
4,0.9079230828238283
5,0.8486873807653029
6,0.8095711243648733
7,0.8120710926141008
8,0.7798128673650545
9,0.7935551207885496
10,0.7675866004492191
11,0.7789459267219752
12,0.7397954428741078
13,0.7892863694331563
14,0.8883632079218439
15,1.0
16,0.9131176177162413
17,0.7892863694331563
18,0.5464875558040171
19,0.5514109665703558
20,0.5812381937190964
21,0.6514018147996858
22,0.6419985686605244
23,0.6708203932499369
24,0.6867471307705783
25,0.6627135046075258
26,0.6758378183830472
27,0.6575959492214292
28,0.7578418860978353
