0,0.9708702890700045
1,0.9446203958774616
2,0.9275843670382407
3,0.9013227719368947
4,0.8843012738678785
5,0.8580268826395141
6,0.8410214463203253
7,0.8147330045284268
8,0.7977454159021351
9,0.7714414762115868
10,0.7544738360147217
11,0.7281527168025034
12,0.7112075190016116
13,0.6848672513487422
14,0.6679474875720741
15,0.6415857465443381
16,0.6246950475544242
17,0.5983090619266014
18,0.5814518930573384
19,0.555038324995566
20,0.5382202622130278
21,0.511775044389659
22,0.4950031743222645
23,0.46852128566581813
24,0.45180480269396855
25,0.39887270795106755
26,0.38205526942192297
27,0.3556037595008058
28,0.3388536020204764
29,0.3123475237772121
30,0.29568504109475086
31,0.2691101311065139
32,0.2525665628461484
33,0.22590240134698428
34,0.594218549696155
35,0.5827411449574043
36,0.173259232729684
37,0.16663539418929846
38,0.13968605915391563
39,0.12403473458920845
40,0.09685485552825746
41,0.08218407016184906
42,0.054789380107899376
43,0.043314808182421
44,0.019370971105651492
45,0.027394690053949688
46,0.038741942211302983
47,0.05811291331695447
48,0.07986855993938882
49,0.09877295966495896
50,0.1475249207808875
51,0.5778916197719315
52,0.5881889397915079
53,0.19943635397553378
54,0.20863174375634752
55,0.22673140377087145
56,0.25182262437346936
57,0.2698064068656285
58,0.3206466262286567
59,0.33829946656871246
60,0.3639475046161502
61,0.38156387980452516
62,0.4072513456534986
63,0.42483856331322933
64,0.4505572951053039
65,0.4681206688455181
66,0.4938647983247948
67,0.5114083119567587
68,0.5371734795128408
69,0.5547001962252291
70,0.5804830750118685
71,0.5979954005357513
72,0.6237933943817426
73,0.6412932524573134
74,0.6671042966351799
75,0.6845932496368958
76,0.7104156751646882
77,0.7278950092323004
78,0.7537274478656334
79,0.7711982343716407
80,0.797039550479236
81,0.8145026913069972
82,0.8403519319939735
83,0.8578081934852958
84,0.8836645513992426
85,0.9362413376910362
86,0.9208854536595341
87,0.9029864978971808
88,0.8776995344623906
89,0.85977439337578
90,0.8345269750253901
91,0.8165731717614321
92,0.7913699618448496
93,0.7733846568119386
94,0.7482311849898864
95,0.7302111031472164
96,0.705113991556103
97,0.6870553312089129
98,0.662022598708496
99,0.6439209162167846
100,0.6189623950847747
101,0.6008124580566697
102,0.5513075026485199
103,0.5329657895522194
104,0.5084649303205223
105,0.4900511134653511
106,0.4657097309171447
107,0.4472135954999579
108,0.4230683949336618
109,0.40447775143650294
110,0.3805791971828337
111,0.3618796043299743
112,0.33829946656871246
113,0.3194742397575553
114,0.2963188789948769
115,0.2773500981126146
116,0.25478534540401926
117,0.23565803443389272
118,0.2139593691154238
119,0.19467585027212408
120,0.1743387399508634
121,0.5881889397915079
122,0.6014366789606779
123,0.5967391062898507
124,0.1475249207808875
125,0.12251277836633777
126,0.086629616364842
127,0.08218407016184906
128,0.06984302957695782
129,0.07986855993938882
130,0.07748388442260597
131,0.09877295966495896
132,0.10431587187817376
133,0.15617376188860604
134,0.16663539418929846
135,0.1937097110565149
136,0.2059162473873451
137,0.2332573806517552
138,0.6014366789606779
139,0.6125638918316888
140,0.28797018815893544
141,0.28797018815893544
142,0.3153365634011318
143,0.3298757512413358
144,0.35718305857897975
145,0.3721042037676253
146,0.3993427996969441
147,0.4145568849769608
148,0.44172610429938614
149,0.4571713338758497
150,0.4842742776412873
151,0.49990618256789543
152,0.5269473844381704
153,0.5427329909238503
154,0.5697173519941506
155,0.5856315844628347
156,0.6125638918316888
157,0.6285872661926204
158,0.6554719881158179
159,0.6715890819052479
160,0.6984302957695782
161,0.7146287034991775
162,0.741430087134868
163,0.7576996885384453
164,0.7844645405527361
165,0.8007969763762587
166,0.8543015535894165
167,0.8706168695720808
168,0.8973590604111956
169,0.9137268796016491
170,0.940440198712601
171,0.9568553875301132
172,0.9835418631776124
173,1.0
