0,0.7045690916531884
1,0.6820554160648669
2,0.6622593999289615
3,0.6398566881509841
4,0.6211884802076434
5,0.5767590245192361
6,0.5596460352305128
7,0.5158689541845919
8,0.5007670676972196
9,0.4580676783543204
10,0.44560861971600096
11,0.40468090212983643
12,0.3957295065756611
13,0.35769076264087113
14,0.35337240599447123
15,0.3363054126889567
16,0.3363054126889567
17,0.30769722852533127
18,0.3142797324930218
19,0.2940905520664324
20,0.30769722852533127
21,0.29755055994166224
22,0.3175198153859741
23,0.3175198153859741
24,0.342338277756965
25,0.35119331590760394
26,0.37921969121705085
27,0.3950823605881459
28,0.4250353709165797
29,0.435149593685137
30,0.465822700313026
31,0.48939626081770815
32,0.5208056116812192
33,0.5476291134103968
34,0.5794148744420248
35,0.6087051881997136
36,0.6406560097470205
37,0.6718495225585331
38,0.7038423569660824
39,0.7365303593995959
40,0.7684942541284577
41,0.7852921276129607
42,0.8172275071008891
43,0.8515744945419338
44,0.883431014986178
45,0.9186457033873823
46,0.9504079822113094
47,0.9863448441007512
48,0.9119360892688434
49,0.8923649762107746
50,0.8614334296600791
51,0.8225332216491192
52,0.7914590131513222
53,0.753021888924612
54,0.7217912439170288
55,0.683928683575262
56,0.6525283477569441
57,0.6338296462542827
58,0.6023665372848431
59,0.5655587539739085
60,0.5339066348903511
61,0.49820558252241565
62,0.4345611558315186
63,0.4345611558315186
64,0.49820558252241565
65,0.5158689541845919
66,0.5476291134103968
67,0.5838144431168277
68,0.6153944570506625
69,0.6525283477569441
70,0.683928683575262
71,0.7217912439170288
72,0.753021888924612
73,0.7721482348761235
74,0.8033323635873876
75,0.8419040660903642
76,0.8729413566086723
77,0.9119360892688434
78,1.0
79,0.9471716232713051
80,0.9152970444787447
81,0.8811107719383491
82,0.8491672120028155
83,0.8159740899412652
84,0.7839876547395583
85,0.7678280257811807
86,0.7358351913736316
87,0.7045690916531884
88,0.6726108253779134
89,0.6430480131259726
90,0.6112222431338173
91,0.5838144431168277
92,0.5522819507478055
93,0.5276393421008815
94,0.49666235037131234
95,0.4756076757242033
96,0.44560861971600096
97,0.4292289151690453
98,0.4008690661404689
99,0.3950823605881459
100,0.36826517969979794
101,0.36266386195154465
102,0.33933525238434514
103,0.342338277756965
104,0.32390276160671827
105,0.3363054126889567
106,0.32390276160671827
107,0.3453151883778972
108,0.33933525238434514
109,0.36826517969979794
110,0.36826517969979794
111,0.3852447413621441
112,0.38920962874455184
113,0.42683764912474365
114,0.435149593685137
115,0.4756076757242033
116,0.48730033572274134
117,0.5295756397716088
118,0.5438781849283364
119,0.5873103692303816
120,0.6036395923236609
121,0.6478055232134365
122,0.6657277591738969
123,0.7103562039853175
