0,0.6868028197434451
1,0.6630404523929395
2,0.6799001036500849
3,0.6616160888737544
4,0.6736271853968339
5,0.6479284842902935
6,0.6644617626035859
7,0.6743270579860158
8,0.6594737753522565
9,0.6902282914656734
10,0.6708203932499369
11,0.6929564771652568
12,0.6868028197434451
13,0.7124234483867868
14,0.7071067811865475
15,0.7371541402007414
16,0.7985836518841366
17,0.7830756969602692
18,0.8114743163142848
19,0.7926549607442401
20,0.81089282264139
21,0.806225774829855
22,0.7830756969602692
23,0.7830756969602692
24,0.7435255131327003
25,0.7498427508107257
26,0.6508340077626379
27,0.6119871746097237
28,0.5963726832765655
29,0.5604916978834088
30,0.556267887140855
31,0.49143609346716094
32,0.49239499407353776
33,0.36985463743231434
34,0.3474977942104555
35,0.35020209798623747
36,0.33223088130179296
37,0.3434014098717226
38,0.3308080444368772
39,0.35020209798623747
40,0.3392555668263109
41,0.3685770701003707
42,0.3885143449429057
43,0.42780704520207274
44,0.4688404000880438
45,0.4607213376254634
46,0.543399502086563
47,0.5468606804055169
48,0.5713274843201775
49,0.5795248541726002
50,0.6057896764352061
51,0.6479284842902935
52,0.8970601881323658
53,0.9401926739509
54,1.0
