0,0.7673452649464306
1,0.7578861019656913
2,0.774945822592206
3,0.7655805743813993
4,0.7859221206974791
5,0.7859221206974791
6,0.7655805743813993
7,0.7830485384225545
8,0.7673452649464306
9,0.7927762224384894
10,0.769691892029822
11,0.7416502448342879
12,0.7531119687744123
13,0.7010233406069615
14,0.6794683117369373
15,0.6807941048253969
16,0.6613100095754281
17,0.6667418052035823
18,0.5609794346137059
19,0.5244259173909882
20,0.5033700673529796
21,0.41824917394522265
22,0.4028751493121327
23,0.35018995231893757
24,0.34237804131402855
25,0.29726738638491007
26,0.3002854067691021
27,0.2685834328747551
28,0.28487575005015187
29,0.2768494657584015
30,0.3017830988867169
31,0.3017830988867169
32,0.3357292910934439
33,0.34237804131402855
34,0.3798343334002025
35,0.4028751493121327
36,0.4433660898516006
37,0.45836578019968977
38,0.4997745208453546
39,0.516630548394804
40,0.5585631444106911
41,0.5960495134993664
42,0.6384155318783784
43,0.6585773118958118
44,0.7010233406069615
45,0.7655805743813993
46,0.6913089217187719
47,0.6667418052035823
48,0.6248534544155459
49,0.6005708135382042
50,0.5585631444106911
51,0.5113676211920412
52,0.4690608001795755
53,0.40399269694941026
54,0.3615915126241259
55,0.309162748483051
56,0.2685834328747551
57,0.2420978347425175
58,0.21019978473837148
59,0.2286905524955532
60,0.21653888627591178
61,0.2768494657584015
62,0.28328868616916514
63,0.36283623751906074
64,0.3798343334002025
65,0.46616831134210435
66,0.48882922644210375
67,0.5183729835216007
68,0.5438400019312952
69,0.5914936542446776
70,0.5776105127318882
71,0.5512507297022788
72,0.5104851915074736
73,0.4084323104373569
74,0.36654505183202624
75,0.29726738638491007
76,0.2548006169013515
77,0.18265648206904536
78,0.15014270338455105
79,0.5033700673529796
80,0.5413472156897795
81,0.5697515001003037
82,0.6080316066009965
83,0.6592615482485675
84,0.5346429667484628
85,0.4925046859114388
86,0.4464063500845974
87,0.40399269694941026
88,0.309162748483051
89,0.2685834328747551
90,0.3002854067691021
91,0.34237804131402855
92,0.4747929167502531
93,0.516630548394804
94,0.5922553978368683
95,0.6334527595308579
96,0.9008562203073064
97,0.9429153035200263
98,1.0
