0,0.8015609770940699
1,0.7754031209635411
2,0.7766112283504534
3,0.7537406715840668
4,0.7566372975210778
5,0.7356969484781081
6,0.7403546447480424
7,0.7215434844830906
8,0.7280109889280518
9,0.7115124735378854
10,0.7198090024443984
11,0.6656763477847174
12,0.645174395028197
13,0.6373774391990981
14,0.6189709201569974
15,0.620987117418711
16,0.5900211860602973
17,0.5963430220938282
18,0.5830951894845301
19,0.5926634795564849
20,0.5711829829397932
21,0.5852349955359812
22,0.5640257086339239
23,0.5836308764964376
24,0.6087897830942961
25,0.5942432162002357
26,0.6264982043070834
27,0.6174544517614234
28,0.645174395028197
29,0.6403124237432849
30,0.6726812023536854
31,0.6717514421272202
32,0.6896557112066861
33,0.6950719387228922
34,0.7150174823037545
35,0.7288689868556626
36,0.7504165509901817
37,0.8143248737451165
38,0.8070006195784487
39,0.8433563896716499
40,0.8385254915624211
41,0.8591420138719791
42,0.8533024082938006
43,0.8764274071479052
44,0.8753570700005799
45,0.9013878188659973
46,0.9410765112359355
47,0.925
48,0.9620940702446928
49,0.9503288904374105
50,0.9737171047075224
51,0.964689069078737
52,0.991526600752597
53,0.9852030247619016
54,1.0
55,0.6324555320336759
56,0.25
57,0.3579455265819088
58,0.5350233639758174
59,0.5700877125495689
60,0.8321658488546619
61,0.8403868156985805
62,0.8280247580839598
63,0.8385254915624211
64,0.7905694150420948
65,0.8070006195784487
66,0.7814249804043892
67,0.7537406715840668
68,0.75
69,0.7254309064273454
70,0.7267220926874317
71,0.6823672031978091
72,0.6864765108872991
73,0.6041522986797286
74,0.5814851674806504
75,0.5618051263561058
76,0.5408326913195984
77,0.5350233639758174
78,0.4962358310319802
79,0.4949747468305833
80,0.4609772228646444
81,0.4650268809434569
82,0.425
83,0.43660622991432446
84,0.40311288741492746
85,0.38242646351945886
86,0.4138236339311712
87,0.40311288741492746
88,0.4301162633521313
89,0.42573465914816006
90,0.4422951503238533
91,0.4422951503238533
92,0.4609772228646444
93,0.4650268809434569
94,0.48541219597369
95,0.5031152949374527
96,0.5255949010407159
97,0.588430114796991
98,0.5836308764964376
99,0.6269968101992227
100,0.6254998001598402
101,0.65
102,0.6543126164151201
103,0.6823672031978091
104,0.7198090024443984
105,0.7057797106746552
106,0.73824115301167
107,0.7288689868556626
108,0.7420411039827914
109,0.7352720584926371
110,0.75
111,0.745821694508815
112,0.7619875327064085
113,0.7603453162872775
114,0.7786205751198718
115,0.8678277478854891
116,0.903119593409422
117,0.9058835465996719
118,0.8902246907382428
119,0.8951256894984079
120,0.8806957476904268
121,0.8877640452282352
122,0.8620469824783333
123,0.8721381771256205
124,0.8403868156985805
125,0.854400374531753
