0,0.8874526772370795
1,0.8601653289127525
2,0.8639370829157608
3,0.8401933441127283
4,0.8440543499471701
5,0.8223749619453903
6,0.8280662060599364
7,0.8086419072148352
8,0.8162015505365484
9,0.7992048071048009
10,0.8086419072148352
11,0.7531245128077478
12,0.7312195846152204
13,0.7232713095949797
14,0.7035212836380943
15,0.7055723704498331
16,0.6884681832200805
17,0.693695807131894
18,0.6638911394850101
19,0.673615042463814
20,0.6495885758840554
21,0.6638911394850101
22,0.6389342643963095
23,0.6589753826307131
24,0.6649785949877691
25,0.6462430330792497
26,0.6853124682878252
27,0.673615042463814
28,0.700948985139993
29,0.693695807131894
30,0.7096567598233711
31,0.7055723704498331
32,0.7232713095949797
33,0.7222716252062202
34,0.7415224145833218
35,0.7473459784870015
36,0.7687915598052215
37,0.833718600729474
38,0.8245685506964765
39,0.8605852290251006
40,0.8542650561313905
41,0.8751548170222371
42,0.8706020772308165
43,0.8935381383154708
44,0.8886731032236003
45,0.9143208730853396
46,0.9784528308490562
47,0.9635705516943144
48,0.985809722638479
49,0.9740120235219469
50,0.9869085263115109
51,0.9773445206981662
52,0.9916559397745637
53,0.9843427430718176
54,1.0
55,0.8751548170222371
56,0.857220269006383
57,0.865608142664681
58,0.8500255011475574
59,0.8576416110170826
60,0.843626221920667
61,0.8538420479073201
62,0.8188529973162905
63,0.833718600729474
64,0.7799881427881923
65,0.7526446627986585
66,0.754562231926374
67,0.7071067811865475
68,0.7116901644489759
69,0.6040566141212128
70,0.5815069122696145
71,0.5752606848128329
72,0.5541488291564743
73,0.5515349050106318
74,0.5322001448887939
75,0.5335560710223954
76,0.5
77,0.5071739677132606
78,0.4593284869889277
79,0.47631776443542706
80,0.46944192669951473
81,0.45059369955751144
82,0.49345426315575547
83,0.484589093558012
84,0.5
85,0.49564578065831755
86,0.5322001448887939
87,0.5335560710223954
88,0.5541488291564743
89,0.5670377341125672
90,0.5901405730448951
91,0.6649785949877691
92,0.6589753826307131
93,0.7035212836380943
94,0.700948985139993
95,0.7262621065420142
96,0.7277528958765107
97,0.7569523621818726
98,0.7905694150420948
99,0.7739434341774328
100,0.8055084919700338
101,0.793761805246516
102,0.8206158691033688
103,0.812652831335409
104,0.8280662060599364
105,0.8192940708722809
106,0.8397632476708707
107,0.8776281751817409
108,0.9843427430718176
109,0.969178187116024
110,0.9773445206981662
111,0.9503574015871319
112,0.96169407366869
113,0.9284364381330469
114,0.9438728482996136
