0,1.0
1,0.9565520973746883
2,0.8920738735081283
3,0.8815241216692696
4,0.838549165621613
5,0.8281543852686443
6,0.7637248086029309
7,0.7535240990164601
8,0.6891563501386859
9,0.6791961876420255
10,0.6363516362384911
11,0.6266581146848678
12,0.5625569450911762
13,0.553240730672739
14,0.48943563371217624
15,0.48062483394039374
16,0.4383972994809528
17,0.43015251368693064
18,0.36760731104690386
19,0.36030838155964373
20,0.2993795076956498
21,0.2935354938726937
22,0.2547764999191741
23,0.25066324587394706
24,0.19816669566311915
25,0.19758299278793973
26,0.16992653964295537
27,0.1778961260034396
28,0.19758299278793973
29,0.20391184757154646
30,0.28676834245795374
31,0.2951052135884541
32,0.401256976272265
33,0.41064603812793404
34,0.49623204878992483
35,0.5061415376940093
36,0.5919690451597537
37,0.6022211908180937
38,0.688150037092547
39,0.6986440353309318
40,0.7846117610739822
41,0.7952852522702988
42,0.8812620362995202
43,0.8920738735081283
44,0.978044966538838
45,1.0
46,0.9211209738486301
47,0.8972378753908047
48,0.8951758493948558
49,0.8721718641894847
50,0.8711117946829551
51,0.8490887591716906
52,0.8490887591716906
53,0.8281543852686443
54,0.8292693697995169
55,0.809535456510495
56,0.811815039922062
57,0.7933950021745975
58,0.7968811925372785
59,0.7798869201516386
60,0.7846117610739822
61,0.7691499149005944
62,0.7559725996982771
63,0.7637248086029309
64,0.7588699334428635
65,0.7671952740916674
66,0.759934587645922
67,0.7691499149005944
68,0.7631196382950595
69,0.7526038575589196
70,0.7550553424144287
71,0.74535599249993
72,0.7478312371461622
73,0.7386626737710156
74,0.7420947046735684
75,0.73348451790037
76,0.7378804404966597
77,0.7220578379655757
78,0.7277936037665691
79,0.7006250715436118
80,0.7084938263411348
81,0.67098394184917
82,0.6825887971007626
83,0.8737595570039641
84,0.8721718641894847
85,0.8507195329388669
86,0.8393751869996544
87,0.7535240990164601
88,0.7422503290235384
89,0.656365318108316
90,0.6451840173643612
91,0.5592622933600233
92,0.5482073517669209
93,0.4622501635210243
94,0.4513781161534127
95,0.3654013321241913
96,0.3548170315741987
97,0.24741677634117948
98,0.23741115467487278
99,0.15198691752918442
100,0.14338417122897687
101,0.06266581146848677
102,0.06266581146848677
103,0.12253577034896797
104,0.1307440900921227
105,0.19463822308076564
106,0.2044774848511244
107,0.24741677634117948
108,0.2579303520876644
109,0.32241294010958055
110,0.33333333333333337
111,0.3977878306775589
112,0.4089549697022488
113,0.4518895929363767
114,0.46324854516686254
115,0.5275938573896387
116,0.5390716933750933
117,0.6033708346086709
118,0.6149368895645945
119,0.6577715657152053
120,0.6694329302778944
121,0.7336419686949067
122,0.74535599249993
123,0.809535456510495
124,0.8212920762558681
125,0.8640559857976489
126,0.8664587415167273
127,0.7162761430143497
128,0.7065348534867189
129,0.7345859647560248
130,0.7273173509483526
131,0.7484487692391245
132,0.7428725004060602
133,0.7507599907031299
134,0.7461303885451637
135,0.7632709758549598
136,0.759934587645922
137,0.7691499149005944
138,0.7649337128951667
139,0.7749842582921286
140,0.7812186699654652
141,0.772147392802434
142,0.7757290775493735
143,0.7671952740916674
144,0.7716985133577722
145,0.7637248086029309
146,0.7767706246844067
147,0.7926667826524766
148,0.7882833382677966
149,0.8056740340302951
150,0.80251395254453
151,0.8212920762558681
152,0.8193208597897843
153,0.8393751869996544
154,0.838549165621613
155,0.8490887591716906
156,0.8490887591716906
157,0.8711117946829551
158,0.8721718641894847
159,0.8951758493948558
160,0.8972378753908047
161,0.9211209738486301
