0,0.9767647101285232
1,0.9298523012692202
2,0.8909066989154597
3,0.8506526858489206
4,0.812869887292178
5,0.7907605046186782
6,0.7542519814831868
7,0.7369602396621332
8,0.7022468831767834
9,0.6865814132838738
10,0.6553566547179931
11,0.6528928991742086
12,0.6251510695747801
13,0.6302858668672516
14,0.6068372188265172
15,0.6283652350777461
16,0.6114671066888633
17,0.6347447411219334
18,0.6232146134937787
19,0.6535097088527967
20,0.6473151642262277
21,0.7028203801144862
22,0.7028203801144862
23,0.7451157100976514
24,0.7494290063884893
25,0.6602565857795514
26,0.6225677896417674
27,0.57127026700974
28,0.5333366908301517
29,0.45772094218924925
30,0.4191238318952171
31,0.3701166050988027
32,0.33104235544094723
33,0.2617119612951069
34,0.22170680670335294
35,0.18176323248479023
36,0.1419332389509149
37,0.11354659116073192
38,0.08976646215396374
39,0.1419332389509149
40,0.15286677667221582
41,0.23408229439226116
42,0.2570520285207643
43,0.34182050414035364
44,0.3690264212723787
45,0.34182050414035364
46,0.2570520285207643
47,0.23408229439226116
48,0.12694894822438665
49,0.12043434688555504
50,0.08976646215396374
51,0.11354659116073192
52,0.1419332389509149
53,0.18176323248479023
54,0.22170680670335294
55,0.2617119612951069
56,0.33104235544094723
57,0.3701166050988027
58,0.4443213187853533
59,0.4825730124331106
60,0.5333366908301517
61,0.57127026700974
62,0.6485588064183201
63,0.7669649888473705
64,0.763806574651635
65,0.7028203801144862
66,0.7051097033762381
67,0.6699489438975872
68,0.6771271732124323
69,0.6479372837011249
70,0.6602565857795514
71,0.6283652350777461
72,0.6473151642262277
73,0.6347447411219334
74,0.6584233848725137
75,0.6535097088527967
76,0.6812795469643915
77,0.6865814132838738
78,0.7186925186348193
79,0.729818451258214
80,0.7643338833610791
81,0.7810198089563878
82,0.8173185851436839
83,0.8506526858489206
84,0.8886426375707066
85,0.9154418843784985
86,0.9542305817899608
87,1.0
88,0.8652108684578941
89,0.8290650831916677
90,0.7892304925346555
91,0.755852801072805
92,0.7164465990222889
93,0.6729491780909699
94,0.6347447411219334
95,0.6114671066888633
96,0.5747858095266437
97,0.5511690016065766
98,0.5180077126166933
99,0.5117475707302064
100,0.4825730124331106
101,0.4900295177676976
102,0.46816458878452233
103,0.48507125007266594
104,0.46988262974631084
105,0.5280221712923705
106,0.5234239225902138
107,0.5620269521325902
108,0.563458870254943
109,0.5234239225902138
110,0.4434136134067059
111,0.4034500689035854
112,0.35568367733694545
113,0.3173723705609667
114,0.289488142015257
115,0.2570520285207643
116,0.2570520285207643
117,0.23408229439226116
118,0.2677990996549225
119,0.2617119612951069
120,0.3017542051443869
121,0.30704854243812385
122,0.38084684467316
123,0.3953802523093391
124,0.4488323107698186
125,0.46816458878452233
126,0.5511690016065766
127,0.5740844232867107
128,0.5740844232867107
129,0.5180077126166933
130,0.4957514908631032
131,0.41331583060166815
132,0.3953802523093391
133,0.3429971702850177
134,0.33104235544094723
135,0.2617119612951069
136,0.2617119612951069
137,0.22886047109462462
138,0.24253562503633297
139,0.22709318232146383
140,0.2570520285207643
141,0.2795760575551818
142,0.3173723705609667
143,0.36352646496958047
144,0.4034500689035854
145,0.4834071928524969
146,0.5234239225902138
147,0.5218821698374052
148,0.5022110660619703
149,0.5054098950022213
150,0.45772094218924925
151,0.46988262974631084
152,0.44067927933600415
153,0.4621011467010589
154,0.45418636464292766
155,0.4834071928524969
156,0.4957514908631032
157,0.5303063441960705
158,0.5482372308051824
159,0.585205735980653
160,0.6232146134937787
161,0.6620847108818945
162,0.6930063899902255
163,0.7325735325963924
164,0.7851358838853206
165,0.8251681634585133
166,0.8439957151095543
