0,0.9762812094883316
1,0.40019526483955303
2,0.23881216468178496
3,0.23048861143232216
4,0.11858541225631421
5,0.10077822185373186
6,0.11524430571616108
7,0.15811388300841897
8,0.16298006013006622
9,0.1875
10,0.2809025631780529
11,0.2918154382482188
12,0.32715630820756003
13,0.3644344934278313
14,0.40311288741492746
15,0.494501011121312
16,0.4976507309348596
17,0.5896238207535377
18,0.6001301942078902
19,0.625
20,0.63860198872224
21,0.6643841132959156
22,0.7186141175902405
23,0.7126096406869612
24,0.7352720584926371
25,0.7315437444199765
26,0.7567405433832656
27,0.7629097259833564
28,0.7400380057807842
29,0.7525996611745184
30,0.7336765295414595
31,0.7426725388756474
32,0.6766184301362179
33,0.7551903733496608
34,0.822059152372869
35,0.8772293029761374
36,0.8669270442199851
37,0.8838834764831843
38,0.8754463147446564
39,0.894863816454772
40,0.8825566554051926
41,0.9052796529249952
42,0.8983491804415473
43,0.8736596877503277
44,0.8825566554051926
45,0.8610495049647261
46,0.8678277478854891
47,0.8487122598383977
48,0.8574125319821257
49,0.7831227553838542
50,0.7603453162872774
51,0.7551903733496608
52,0.7126096406869612
53,0.7115124735378853
54,0.5153882032022076
55,0.48250647664046953
56,0.4784414802251159
57,0.44808620822337303
58,0.4472135954999579
59,0.42019340784929027
60,0.42297310789221576
61,0.3411836015989045
62,0.31868871959954903
63,0.31622776601683794
64,0.2795084971874737
65,0.28777161083053343
66,0.25310570914145736
67,0.23048861143232216
68,0.25
69,0.23717082451262841
70,0.2576941016011038
71,0.29712160810011784
72,0.7603453162872774
73,0.7796233064756337
74,0.8772293029761374
75,1.0
