0,0.36740121461262526
1,0.7759221059052952
2,0.7925977014228556
3,0.8138226668150454
4,0.8687850611542651
5,0.8669013682370588
6,0.8871388918079536
7,0.8871388918079536
8,0.8669013682370588
9,0.8687850611542651
10,0.8314239373880452
11,0.8563306576526799
12,0.9415421577126097
13,0.9597212735649913
14,0.9570408229808897
15,0.9763671716145687
16,0.9734926791010955
17,0.9943793465843868
18,1.0
19,0.9811392781074999
20,0.987781496070588
21,0.9232580452013177
22,0.902536774659255
23,0.8884541466321784
24,0.42898269895401175
