0,0.9658747569543338
1,0.9011988288610129
2,0.8807277341602668
3,0.820083341881194
4,0.7996330395272345
5,0.7805282305325548
6,0.7601169500660919
7,0.723953737938449
8,0.7036889917179247
9,0.6868028197434451
10,0.6465518928166724
11,0.6307959764783696
12,0.6108728332874506
13,0.5962847939999439
14,0.5570211276851454
15,0.5440742334355393
16,0.48672094123134224
17,0.47627133185964776
18,0.4038597842901374
19,0.3975817888510436
20,0.3975817888510436
21,0.4038597842901374
22,0.47627133185964776
23,0.48672094123134224
24,0.5440742334355393
25,0.5570211276851454
26,0.5962847939999439
27,0.6108728332874506
28,0.6307959764783696
29,0.6465518928166724
30,0.6868028197434451
31,0.7036889917179247
32,0.723953737938449
33,0.7416905161878067
34,0.7620451353167725
35,0.7996330395272345
36,0.820083341881194
37,0.8600131635675317
38,0.8804896674619968
39,0.9881902226507596
40,1.0
41,0.9798814800192399
42,0.9093043393448438
43,0.8890199064869015
44,0.8435226128106176
45,0.8231452691790847
46,0.8009428406336273
47,0.7805282305325548
48,0.7587366748214281
49,0.7382908473373176
50,0.7169700981165752
51,0.6965021923750339
52,0.6757246285173463
53,0.6552481246228813
54,0.6351018010476118
55,0.5941715512249937
56,0.5748028556393514
57,0.5135481050344616
58,0.49526055654364853
59,0.4343722427630694
60,0.4176403717121435
61,0.33770715360100295
62,0.32376195411908804
63,0.3044051145998524
64,0.317880823626324
65,0.4176403717121435
66,0.4343722427630694
67,0.49526055654364853
68,0.5135481050344616
69,0.5748028556393514
70,0.5941715512249937
71,0.6351018010476118
72,0.6552481246228813
73,0.6757246285173463
74,0.6965021923750339
75,0.7169700981165752
76,0.7382908473373176
77,0.7587366748214281
78,0.7805282305325548
79,0.8009428406336273
80,0.8457564562145012
81,0.8660859205661613
82,0.912296615856917
83,0.9325243574024472
84,0.9798814800192399
