0,0.9126368296896543
1,0.8879535677396305
2,0.8802194753505087
3,0.8333333333333334
4,0.8310224368801907
5,0.7040784727049222
6,0.6834427679725766
7,0.6461589336389056
8,0.6256620425221523
9,0.6083465049504847
10,0.5879851152252885
11,0.5717718748968657
12,0.5516099203907634
13,0.5366881664748983
14,0.516811394121702
15,0.5034071944448186
16,0.44529832504804945
17,0.4346134936801766
18,0.3976426261351493
19,0.3900471152780804
20,0.3390534839184889
21,0.33652319867709457
22,0.29381080021807626
23,0.29814239699997197
24,0.268741924943285
25,0.2811757974289912
26,0.26953584668754665
27,0.28941438070815306
28,0.29598452257987684
29,0.32092281469451966
30,0.3421900306759639
31,0.36980013081681945
32,0.40138648595974324
33,0.43016593896162336
34,0.4686769886159547
35,0.49785866253711797
36,0.5410499447694666
37,0.5702750873163541
38,0.6167186395284971
39,0.6458281637510221
40,0.6946068186237683
41,0.7235359517703827
42,0.7740447655951813
43,0.8027729719194865
44,0.8546004214496272
45,0.8831276973997192
46,0.9359852435099478
47,0.9643207609061054
48,1.0
49,0.9899063238077278
50,0.9718253158075502
51,0.9437151533160261
52,0.8898765880055177
53,0.8615728015134254
54,0.8086075400626399
55,0.7800942305561608
56,0.7282457554575106
57,0.6995114290104483
58,0.6491282780525907
59,0.6201736729460423
60,0.5717718748968657
61,0.5426273532033236
62,0.49699954427398324
63,0.467764276963749
64,0.4686769886159547
65,0.4843711228132666
66,0.4931149897968964
67,0.5105719936343558
68,0.5180502566122985
69,0.5084751798731267
70,0.5298766184398315
71,0.516811394121702
72,0.5314871893833684
73,0.5172246779895248
74,0.49785866253711797
75,0.5029825573431478
76,0.4865718207542816
77,0.49699954427398324
78,0.48392978229081357
79,0.49137866401889235
80,0.480829056106826
81,0.49007238258336916
82,0.47591567162232273
83,0.4645556649229087
84,0.47185757665801303
85,0.4622501635210243
86,0.47231019793873086
87,0.4645556649229087
88,0.4772607021092118
89,0.45666947406960384
90,0.47591567162232273
91,0.47591567162232273
92,0.45666947406960384
93,0.4714045207910317
94,0.4576043153224294
95,0.47231019793873086
96,0.4538533970159373
97,0.4645556649229087
98,0.45338235029118146
99,0.5118259586674088
100,0.5270462766947299
101,0.6730463973541891
102,0.6871842709362768
103,0.7164131931000876
104,0.7308816827558577
105,0.760116950066092
106,0.9180060145418673
107,0.923112534925592
108,0.9403127321205612
109,0.9618802811232151
110,0.9522802144524514
111,0.961658112213652
112,0.9446203958774617
113,0.9558635957474338
