0,0.9329784414588188
1,0.9062769164445661
2,0.913720794385868
3,0.890252035972354
4,0.8964130232283435
5,0.8069343833723942
6,0.780802687353963
7,0.7588038182211488
8,0.7103921946920759
9,0.7044073180847714
10,0.6597153826563871
11,0.6584306387250327
12,0.5819759619793254
13,0.5892057542402359
14,0.6227414738624822
15,0.6186489335346746
16,0.7007918588757677
17,0.7044073180847714
18,0.7509519783819286
19,0.7588038182211488
20,0.8085068455003948
21,0.819946095995765
22,0.8458695779667932
23,0.9531799801260644
24,0.9473882276303983
25,0.9712200659974572
26,0.9642201905079746
27,0.9910693512227627
28,1.0
29,0.9760033591924535
30,0.9816262923411387
31,0.9598193451244826
32,0.9672888690245874
33,0.9478350035230139
34,0.9571691255835428
35,0.9109364685796234
36,0.8850053937655256
37,0.8637001706371715
38,0.8152858025756713
39,0.80903032036618
40,0.7638088078860009
41,0.7615884287467977
42,0.7007918588757677
43,0.7044073180847714
44,0.6699046401737591
45,0.6635546898472572
46,0.7204523933911936
47,0.7204523933911936
48,0.7638088078860009
49,0.7682303140404374
50,0.7915728883654736
51,0.7990256555996935
52,0.8235525366935171
53,0.8337707009186728
54,0.8592772103933861
55,0.9025319544890563
56,0.8926266788568127
57,0.9114011135823346
58,0.9034696502791031
59,0.9247742704641211
60,0.9188034777099997
61,0.9424597144142655
