0,1.0
1,0.8879535677396303
2,0.7969627172268302
3,0.3989837517844983
4,0.3726779962499649
5,0.06537204504606134
6,0.07308816827558577
7,0.14058789871449556
8,0.1617875572323585
9,0.1849000654084097
10,0.2092926630424937
11,0.2322778324614543
12,0.40364260234438876
13,0.4134491152973615
14,0.4445779713948641
15,0.4558499153220776
16,0.4875588940976005
17,0.675027698070526
18,0.6797592585413232
19,0.6987473529451566
20,0.7055942515803596
21,0.7253793584568102
22,0.7969627172268302
23,0.7905694150420949
24,0.8072852046887775
25,0.8023070367362991
26,0.8207381501496753
27,0.8119039562583952
28,0.8333333333333333
