0,0.28797018815893544
1,0.26544435312706516
2,0.19823065593880665
3,0.178065485350673
4,0.25074414993432503
5,0.2602896031476768
6,0.2555614468509113
7,0.2679845483552766
8,0.5452430402120958
9,0.5599554763562502
10,0.5362218527239946
11,0.5472275528333216
12,0.563092506371473
13,0.6916066679824826
14,0.6660566314618924
15,0.6257786477574637
16,0.5799261704248493
17,0.33576349916462583
18,0.34921514788478913
19,0.3460970930706849
20,0.3621675187715162
21,0.3625414657155008
22,0.380058475033046
23,0.3818369521072835
24,0.4591732879873175
25,0.47512656992908164
26,0.4952347449185343
27,0.6070944618729909
28,0.6617706395752186
29,0.659308991963153
30,0.6751492859105922
31,0.8267217395764713
32,0.8201394553899128
33,0.7696830023582704
34,0.7686259869787637
35,0.7800006948784342
36,1.0
37,0.9825027496737764
38,0.926864925858082
39,0.8813023130218537
40,0.7409800877991967
41,0.7250829314310016
42,0.7273219988236983
43,0.6715269983292517
44,0.6392746567171791
45,0.6268603748358126
46,0.5156099868472152
47,0.4952347449185343
48,0.4793853336335823
49,0.4591732879873175
50,0.44325722190354405
51,0.36551926904523163
52,0.36366099941184915
53,0.3460970930706849
54,0.3308853197876093
55,0.36104335407681337
