0,0.7071067811865476
1,0.6839672205583271
2,0.7055877530493417
3,0.68865733644435
4,0.703303059237657
5,0.6909904566336632
6,0.7086225530892883
7,0.6964040068613422
8,0.7183971190092973
9,0.7476716361722442
10,0.7324484191363096
11,0.7668003864227155
12,0.7562330408129279
13,0.7786033495725955
14,0.7709867708711798
15,0.7969900457641929
16,0.792264099548551
17,0.8215185353129052
18,0.818902227600523
19,0.8522880087068032
20,0.9247433236267644
21,0.908354168888622
22,0.9230012624433962
23,0.9101242663820753
24,0.9270609797018948
25,0.9177552386729199
26,0.9368470544509794
27,0.926482109224159
28,0.9036169570953252
29,0.9059886592247041
30,0.8647855672091312
31,0.8721981504990169
32,0.7562330408129279
33,0.7154037846610096
34,0.6948615819181193
35,0.6583892426595269
36,0.6559401731328962
37,0.6223656929763974
38,0.6232270991920857
39,0.5932380049121121
40,0.5977425343231447
41,0.5490921105996214
42,0.559736295973419
43,0.5281760663657007
44,0.6180406531345964
45,0.6744891565604273
46,0.809015721582863
47,0.826726311937503
48,0.8721981504990169
49,0.9521829448772025
50,0.9499265840166067
51,0.9728062146853669
52,0.9772080752417045
53,0.9566797016254427
54,0.9633854825472681
55,0.9270609797018948
56,0.9177552386729199
57,0.9368470544509794
58,0.9276394889498978
59,0.8850207921710695
60,0.7469537563752459
61,0.5281760663657007
62,0.559736295973419
63,0.5490921105996214
64,0.5977425343231447
65,0.5932380049121121
66,0.6551217820804184
67,0.6559401731328962
68,0.6909904566336632
69,0.6948615819181193
70,0.7324484191363096
71,0.7390110547588541
72,0.7786033495725955
73,0.7875097928405351
74,0.8286707904650418
75,0.851658316704544
76,0.8946670802870509
77,0.9230012624433962
78,0.9672757195322162
79,1.0
80,0.9722545808362548
81,0.9549958991440615
82,0.9101242663820753
83,0.8789381029635716
84,0.8351196876519333
85,0.809015721582863
86,0.7668003864227155
87,0.7562330408129279
88,0.7154037846610096
89,0.7071067811865476
90,0.6680957501215466
91,0.6624509051369303
92,0.6258042036352534
93,0.6232270991920857
94,0.5896096038723766
95,0.5905187942410736
96,0.533230497954213
97,0.5402272610320881
98,0.517919244040651
99,0.47693585644067304
100,0.4989258849033687
101,0.4836378597661081
102,0.5372398062709615
103,0.533230497954213
104,0.5795143741713786
105,0.5905187942410736
106,0.6180406531345964
107,0.6452201274569296
108,0.632625159375343
109,0.6752840762901101
110,0.6624509051369303
111,0.6909904566336632
