0,0.7612432304867113
1,0.7335910324299809
2,0.7416734397670999
3,0.7188137197855835
4,0.7248704725037365
5,0.7048548430432512
6,0.7132629516214921
7,0.6963452170922477
8,0.7071067811865476
9,0.6934854710584479
10,0.7065444695419968
11,0.6825091647270438
12,0.7003292434880745
13,0.6790061005460086
14,0.6883079874101355
15,0.6725364275806133
16,0.6819265703701451
17,0.6683867581764051
18,0.6813434778561912
19,0.6701683342149342
20,0.6865734832148239
21,0.6636125059314486
22,0.6859943405700353
23,0.6911891552467266
24,0.6701683342149342
25,0.6963452170922477
26,0.6813434778561912
27,0.6934854710584479
28,0.6819265703701451
29,0.6963452170922477
30,0.6883079874101355
31,0.7048548430432512
32,0.731420640003556
33,0.7188137197855835
34,0.7330490367649812
35,0.7226738902640086
36,0.7400640199179437
37,0.7319638414449378
38,0.7523149223884441
39,0.7464808800582422
40,0.7695517246525664
41,1.0
42,0.9577729865681545
43,0.7054185015443986
44,0.6766606493215211
45,0.6819265703701451
46,0.6582000797569466
47,0.6701683342149342
48,0.6509135075235646
49,0.660009153475091
50,0.6304413373258617
51,0.6435444379071333
52,0.6209127083696583
53,0.6033820947834352
54,0.6099336668043754
55,0.5947571681200713
56,0.6053550115296823
57,0.5927489783638192
58,0.6073215191831729
59,0.5887120484529264
60,0.6086289943653637
61,0.598089167121675
62,0.5666962802823489
63,0.6228300964900457
64,0.6490790834696295
65,0.6490790834696295
66,0.5645882892931763
67,0.5947571681200713
68,0.6027230207530055
69,0.5812381937190965
70,0.5974242540010244
71,0.5812381937190965
72,0.6053550115296823
73,0.586683166892306
74,0.6033820947834352
75,0.618989380955836
76,0.6053550115296823
77,0.6335857026538029
78,0.6241050826688055
79,0.64292653624002
80,0.6360900037304367
81,0.6582000797569466
82,0.6490790834696295
83,0.6766606493215211
84,0.9179364428954482
85,0.9577729865681545
86,1.0
