0,0.9759804832871484
1,0.8410214463203252
2,0.7207262139979622
3,0.748542860479579
4,0.8159581723093842
5,0.8037486332952988
6,0.7808688094430303
7,0.677834389404565
8,0.6545817426002274
9,0.5866005436058974
10,0.5630925063714729
11,0.4958629108612896
12,0.4720256073855381
13,0.40595436355180387
14,0.3816834652345935
15,0.3492151478847891
16,0.3247634908414431
17,0.2927378546568757
18,0.2680528681902566
19,0.20699692213787874
20,0.15617376188860604
21,0.1283740414907742
22,0.10269923319261935
23,0.08119087271036078
24,0.057410616663949914
25,0.057410616663949914
26,0.057410616663949914
27,0.0925718378067056
28,0.1283740414907742
29,0.16439898730535726
30,0.22964246665579965
31,0.26433833017854613
32,0.3337725078760129
33,0.36760731104690386
34,0.5115669312175674
35,0.5440394339889373
36,0.765953161244753
37,0.7445694406464903
38,0.4364717410686323
39,0.41159848852343855
40,0.3091656324145928
41,0.28705308331974955
42,0.18691542579677856
43,0.17223184999184973
44,0.10892898631973956
45,0.11482123332789983
46,0.10269923319261935
47,0.13091634852004547
48,0.14970857209591582
49,0.1851436756134112
50,0.2005266631896293
51,0.23671003653731088
52,0.2729269559233955
53,0.3091656324145928
54,0.3287979746107145
55,0.3649075880160539
56,0.3851221244723226
57,0.4210981656675118
58,0.44172610429938614
59,0.4775790408684852
60,0.49851460308843437
61,0.5700732585426818
62,0.5910784753380132
63,0.6268019508294564
64,0.6480028646469392
65,0.7551187659515259
66,0.776211919496447
67,0.8476575968221075
68,1.0
