0,0.8805431532645669
1,0.8519982920698008
2,0.818888499032343
3,0.7902380088589968
4,0.7261144857648499
5,0.6972584320317659
6,0.6665269481978439
7,0.6376034340756114
8,0.6079936912365154
9,0.5790416107014432
10,0.5508509001226812
11,0.5219410545028278
12,0.47130572491427014
13,0.4428816708223284
14,0.4215486556372497
15,0.3937908695643175
16,0.3763770469559381
17,0.3498293201364895
18,0.33010450731580376
19,0.3077648376698537
20,0.3077648376698537
21,0.2895208053507216
22,0.298079913001172
23,0.2851449242560746
24,0.30226859485681634
25,0.2952544472148856
26,0.34742496642086595
27,0.3486292160158829
28,0.3808051645454794
29,0.3862689324564638
30,0.4215486556372497
31,0.43040361961228474
32,0.5056263492237502
33,0.5179105613317587
34,0.5569043884765522
35,0.6758931255631847
36,0.4853253072052956
37,0.5219410545028278
38,0.9426114498285403
39,1.0
40,0.6196015808789236
41,0.6155296753397074
42,0.764356859205558
43,0.6863536316126178
44,0.5154771388112663
45,0.4748494268778293
46,0.946604644005958
