0,0.8478991604766573
1,0.8150343962150696
2,0.7436567582597499
3,0.7304155197488039
4,0.6617144192731789
5,0.6518079555592919
6,0.5872202195147035
7,0.581654025461071
8,0.523364323109599
9,0.523364323109599
10,0.47446165088999237
11,0.4812691960193226
12,0.44546438307766106
13,0.4598378826656387
14,0.4403228247325835
15,0.46195533614838374
16,0.4598378826656387
17,0.48731468459480126
18,0.5011372882280563
19,0.5326063142807369
20,0.5594169285380433
21,0.5932827194229642
22,0.6299817721025922
23,0.6651468253583717
24,0.7091740134778789
25,0.7449679378113857
26,0.794417739333242
27,0.8304547985373997
28,0.8839639826975821
29,0.9200294187822765
30,0.9960886421166572
31,1.0
32,0.9696097854184332
33,0.8985638798626863
34,0.85705765292039
35,0.8213957367850092
36,0.7609534135495505
37,0.7250513184897477
38,0.6675877393423536
39,0.6315290076022406
40,0.5782885930156079
41,0.5422908586788425
42,0.4952605565436486
43,0.4598378826656387
44,0.4461940549558499
45,0.41129150570797607
46,0.39843545684666287
47,0.36072651335404327
48,0.36252565924487384
49,0.2851793486524804
50,0.2563443520061739
51,0.25507216374642366
52,0.23097766807419187
53,0.2351649153478044
54,0.20564575285398803
55,0.2406345980096613
56,0.25507216374642366
57,0.2908270127305355
58,0.3071475584169756
59,0.34316449959180084
60,0.36252565924487384
61,0.39843545684666287
62,0.41834945374911103
63,0.4541430761741889
64,0.5380753188879384
65,0.5888798183572307
66,0.581654025461071
67,0.6003685703792998
68,0.5954719619886724
69,0.6169372585619641
70,0.6121731929914168
71,0.6381903497989041
72,0.6457911379727892
73,0.6169372585619641
74,0.6127043628900395
75,0.5866659766167744
76,0.5888798183572307
77,0.5663521139548542
78,0.5703586973049608
79,0.550625125314125
80,0.5570860145311556
81,0.5404882247978099
82,0.549442255794756
83,0.5362585146501714
84,0.5133228275744647
85,0.5030809437000356
86,0.4598378826656387
87,0.38935076000131025
88,0.3315938128703508
89,0.3580108422590247
90,0.3713906763541037
91,0.40330450257306316
92,0.4336226783689202
93,0.468250248671169
94,0.5101443274928473
95,0.5458782684168084
96,0.5954719619886724
97,0.6315290076022406
98,0.6863289991836017
99,0.7223542800597396
100,0.7807875176322338
101,0.8166293769895828
102,0.9196757653312774
103,0.9274249895574805
104,0.9018162833851081
105,0.8672453567378404
106,0.8448242667203385
107,0.8102306152987981
108,0.7656414934887764
109,0.7308607593632991
110,0.6651468253583717
111,0.6299817721025922
112,0.5663521139548542
113,0.5307707902194343
114,0.4703298306956088
115,0.4343722427630694
116,0.3791920321781617
117,0.34316449959180084
118,0.29746270330389996
119,0.26261286571944514
120,0.2351649153478044
121,0.20564575285398803
122,0.20564575285398803
123,0.17110760919148824
124,0.18393515306625546
125,0.2103378946562697
126,0.20564575285398803
127,0.2295649473717813
128,0.23097766807419187
129,0.26012358806346964
130,0.31135525527962543
131,0.3071475584169756
132,0.3246538620186389
133,0.33257341267918583
134,0.3196045051117135
135,0.3315938128703508
136,0.31030868003176754
137,0.33257341267918583
138,0.3060865964957084
139,0.34221521838297647
140,0.33257341267918583
141,0.3791920321781617
142,0.3791920321781617
143,0.4388427438230189
144,0.4461940549558499
145,0.5133228275744647
146,0.5258447366406743
147,0.5971086264459654
148,0.6132350727018735
149,0.6868028197434451
150,0.7054947460434132
151,0.8053981828395661
152,0.835531691527718
