0,0.9707412087647358
1,0.9382994011244814
2,0.9202010040640065
3,0.8227932839058525
4,0.804750975400404
5,0.7397637463590131
6,0.7218650578692373
7,0.6242988592573656
8,0.6065138495145541
9,0.5088642966422616
10,0.49124747227606047
11,0.42605981046432795
12,0.4087928395794184
13,0.3108639769625688
14,0.2940956620029775
15,0.19606377466865163
16,0.18046626446730932
17,0.11553168717769569
18,0.09526986986789136
19,0.11553168717769569
20,0.11781966547147352
21,0.1759726232165954
22,0.18628924802447622
23,0.2820487929828181
24,0.2959054985436052
25,0.36093252893461863
26,0.37614392174608413
27,0.4414459568679093
28,0.4574821408935205
29,0.5228367324497377
30,0.5394228788050461
31,0.6047507241287299
32,0.6217279539251376
33,0.7196427897189323
34,0.7368712084140907
35,0.8020928311426438
36,0.8195424087524249
37,0.8847042151579283
38,0.9023313223365467
39,0.9674356104867136
40,0.9852082746137107
41,0.8916172460203767
42,0.8282904901936406
43,0.808391652316151
44,0.7451569920979049
45,0.725185691557495
46,0.6620681408823285
47,0.6420069972491094
48,0.5790431564591523
49,0.5588677440734287
50,0.49611410429938774
51,0.47578860829830605
52,0.4133387297353094
53,0.39280773640416533
54,0.33083240482973314
55,0.31000404730148207
56,0.24886287035927976
57,0.227571031722943
58,0.16821667566952112
59,0.14613730936143546
60,0.09242534974215655
61,0.14613730936143546
62,0.16821667566952112
63,0.2583367060845684
64,0.2791949375150087
65,0.3411609838057825
66,0.36167138851839575
67,0.42417597009241825
68,0.4444592748311694
69,0.5072880482607182
70,0.5274119587816374
71,0.5904562200403204
72,0.610462263469355
73,0.6736597102634592
74,0.6935751217757039
75,0.7568868715019451
76,0.7767304535963856
77,0.8719390055912375
78,0.8916172460203767
79,1.0
80,0.9824949445521209
81,0.9498925108493305
82,0.9325919308877064
83,0.8347114427986005
84,0.8175856791588368
85,0.7196427897189323
86,0.7027518178266225
87,0.6374167030995368
88,0.6208686197840636
89,0.5228367324497377
90,0.5067615426198833
91,0.4414459568679093
92,0.42605981046432795
93,0.32840275820457027
94,0.31428016719437535
95,0.21798475139780937
96,0.2066693648676547
97,0.14613730936143546
98,0.1405503635653245
99,0.09526986986789136
100,0.11553168717769569
101,0.18046626446730932
102,0.19606377466865163
103,0.26141836622486886
104,0.27823714759953355
105,0.343500400815464
106,0.36093252893461863
107,0.4586477023772047
108,0.47634934933945683
109,0.541398793401928
110,0.559345204856007
111,0.6242988592573656
112,0.6424226703242212
113,0.7072955191536578
114,0.7255537127390413
115,0.8227932839058525
116,0.8410833783476056
117,0.9058745217886641
118,0.9242534974215655
119,0.9566135322480471
120,0.8577401117505967
121,0.8266774594706188
122,0.8060767604432234
123,0.7440814702593676
124,0.7233427770367915
125,0.6616648096594663
126,0.6407583600919795
127,0.579503994698797
128,0.5583898750300174
129,0.4977257407185595
130,0.47634934933945683
131,0.41655542206004725
132,0.3948412671796341
133,0.33643335133904223
134,0.31428016719437535
135,0.2583367060845684
136,0.23563933094294703
137,0.1848506994843131
138,0.23563933094294703
139,0.2583367060845684
140,0.31428016719437535
141,0.33643335133904223
142,0.3948412671796341
143,0.41655542206004725
144,0.5067615426198833
145,0.5279178696497862
146,0.5890983273573676
147,0.6100248128481686
148,0.6716754358198778
149,0.6924194834470847
150,0.7544139556266223
151,0.775010118253705
152,0.8685647346887284
