0,0.9267512743602253
1,0.8944271909999159
2,0.8859490168047811
3,0.8259928274164348
4,0.824621125123532
5,0.6734871236039909
6,0.646616739303252
7,0.6081211398682971
8,0.5821236333703537
9,0.5663521139548542
10,0.5411378647620634
11,0.5183427874322346
12,0.49526055654364853
13,0.48912706224340924
14,0.4472135954999579
15,0.4472135954999579
16,0.42912812002504147
17,0.43437224276306935
18,0.4193436020780257
19,0.43000658178376583
20,0.4084023173663302
21,0.426481878223249
22,0.415728503568429
23,0.4404114714116146
24,0.44297450840239055
25,0.4742421959055926
26,0.5050686484257774
27,0.5411378647620634
28,0.780904168739492
29,0.7857216368193239
30,0.8765283148834684
31,0.8859490168047811
32,0.9099035818711161
33,0.9214426752509267
34,0.9460942551472561
35,0.9905211130872971
36,0.9817197079134452
37,1.0
38,0.9712858623572642
39,0.9404936479779076
40,0.9376808001760876
41,0.9082431724914637
42,0.9069958706818693
43,0.8520784798650043
44,0.853406050360819
45,0.7813872520945354
46,0.7543584053840621
47,0.694995588420911
48,0.6689896634562605
49,0.6389850442635202
50,0.6142951168339512
51,0.6031364562896695
52,0.5795248541726002
53,0.5716576360289336
54,0.549442255794756
55,0.5453058688167932
56,0.5248539778959549
57,0.5248539778959549
58,0.5065607304015044
59,0.5110108369415448
60,0.4805657043801764
61,0.49143609346716094
62,0.46944366913461083
63,0.48680707890854635
64,0.4742421959055926
65,0.4975411237388531
66,0.49526055654364853
67,0.5248539778959549
68,0.8409338923606032
69,0.8463016100033957
70,0.8914690017785675
71,0.9099035818711161
72,0.9340518348510853
73,0.9595596474326814
74,0.9488821625947902
75,0.9646585083519706
