0,1.0
1,0.9655592313104053
2,0.9512769443166653
3,0.9198870231668353
4,0.905983648488768
5,0.8746755069219435
6,0.8611983039149596
7,0.8299999700144526
8,0.8170044472335526
9,0.7859518171206434
10,0.773503468466185
11,0.7426426921763298
12,0.7308191058363557
13,0.7002097388975596
14,0.6891031243421398
15,0.6588222745532261
16,0.6388765649999399
17,0.6093677210130539
18,0.6007296045145181
19,0.5718639456413908
20,0.5644169123711941
21,0.5363816980778261
22,0.5303154202901432
23,0.5033486669671242
24,0.4988787826925559
25,0.47327796889219953
26,0.4706413023104939
27,0.44676816352140264
28,0.4462107482531602
29,0.4244869242158865
30,0.4262422187784648
31,0.40712910301359817
32,0.416795234851507
33,0.4022089331224807
34,0.41017423970657285
35,0.3991030261540447
36,0.4095670236227808
37,0.4022089331224807
38,0.4149999850072263
39,0.4113859830841935
40,0.4262422187784648
41,0.4262422187784648
42,0.4428515229496173
43,0.4462107482531602
44,0.4642522099945442
45,0.4706413023104939
46,0.4898166579315748
47,0.4988787826925559
48,0.5391584985054969
49,0.5510296258654191
50,0.5432970892867699
51,0.5150787536377128
52,0.4938647983247948
53,0.46585769793333154
54,0.4233126842783956
55,0.3953437301987555
56,0.3739927571214357
57,0.3463526803615481
58,0.32484632810610914
59,0.2976596952498055
60,0.2759661069500506
61,0.24943939134627796
62,0.22752373125177014
63,0.20203050891044216
64,0.1798733031239067
65,0.15617376188860607
66,0.13386322447594806
67,0.11376186562588507
68,0.09198870231668353
69,0.08044178662449614
70,0.04988787826925559
71,0.06693161223797403
72,0.07055211404639926
73,0.09977575653851117
74,0.11155268706329005
75,0.14285714285714285
76,0.1577593229640665
77,0.18931118755687978
78,0.20569299154209675
79,0.2371642658570263
80,0.25437926478667566
81,0.2857142857142857
82,0.3034561166523067
83,0.3346580611898701
84,0.3527605702319963
85,0.3838449994124157
86,0.4209543779941172
87,0.45175395145262565
88,0.4706413023104939
89,0.5013669716076383
90,0.5203666816054208
91,0.5510296258654191
92,0.5701204539445793
93,0.6007296045145181
94,0.6198957827597515
95,0.6504583520067759
96,0.6696878614377695
97,0.7002097388975596
98,0.7194932124956268
99,0.754940587854201
100,0.7365856954960216
101,0.7055211404639926
102,0.6693161223797403
103,0.6380969715856981
104,0.6202971397346329
105,0.5890150893739515
106,0.5714285714285714
107,0.5400809260379273
108,0.5227526027895465
109,0.4913386191072122
110,0.4743285317140526
111,0.4428515229496173
112,0.4262422187784648
113,0.3947136999495011
114,0.37862237511375957
115,0.3470705105209463
116,0.33166998296619554
117,0.30015758263807346
118,0.2723348157445175
119,0.24132535987348844
120,0.22970104144737993
121,0.19955151307702235
122,0.1906213152137969
123,0.16242316405305457
124,0.1577593229640665
125,0.13386322447594806
126,0.13570970100453272
127,0.1201459209029036
128,0.1300916704013552
129,0.12620745837125322
130,0.14285714285714285
131,0.14966363480776676
132,0.16991199080469144
133,0.18397740463336706
134,0.22752373125177014
135,0.24642794021027073
136,0.2686544463582054
137,0.2900369863645541
138,0.31234752377721214
139,0.33540092128526494
140,0.35766512335967915
141,0.3818948851909286
142,0.4040610178208843
143,0.4291517557547641
144,0.4512026956628469
145,0.4769448148331387
146,0.4988787826925559
147,0.5251276836365166
148,0.5688093281294254
149,0.595319390499611
150,0.6170789746262902
151,0.671172758740743
152,0.6774472624710849
153,0.6633399659323911
154,0.6423730271601517
155,0.6298529856040737
156,0.6093677210130539
157,0.598654539231067
158,0.5787853951153271
159,0.5701204539445793
160,0.5510296258654191
161,0.544669631489035
162,0.5265475898343647
163,0.5227526027895465
164,0.5058148682431043
165,0.5048298334850129
166,0.4893082855497296
167,0.4913386191072122
168,0.4774663511451447
169,0.4826507197469769
170,0.45940208289475987
171,0.4690521881428471
172,0.4599435115834177
173,0.4727518120103657
174,0.46585769793333154
175,0.4816183106080909
176,0.4769448148331387
177,0.49537432236977635
178,0.49285588042054146
179,0.5136271431788382
180,0.5131423604911343
181,0.5359174992041318
182,0.5373088927164108
183,0.5617649779870426
184,0.5648576909720481
185,0.5907028151522308
186,0.6007296045145181
187,0.6282704379133232
188,0.6349690264175933
189,0.6633399659323911
190,0.671172758740743
191,0.7002097388975596
192,0.7090399709734487
193,0.738610213365079
194,0.7483181740388337
195,0.7783148571907406
196,0.7887966148203325
197,0.8191340472455616
198,0.8302997713498623
199,0.8609092626905355
200,0.8726814549717826
201,0.9035079029052513
202,0.9285044199890884
203,0.9596124985310392
