0,0.9329784414588188
1,0.9062769164445661
2,0.9188034777099997
3,0.8753854842170876
4,0.8835690843627677
5,0.8085068455003948
6,0.7835091172623279
7,0.7748152657377899
8,0.7274699524741568
9,0.7227991500730454
10,0.5998870907028017
11,0.5589696581629675
12,0.5245860430009848
13,0.48430052041353383
14,0.4692040208791319
15,0.31340364690493117
16,0.28658992467989364
17,0.2486202399418065
18,0.22160984397507116
19,0.1840369583322223
20,0.1770010787531051
21,0.2036915866927639
22,0.2327903847917302
23,0.2635008238430405
24,0.29243930161872006
25,0.4701054703573967
26,0.4816708148937472
27,0.520535124902642
28,0.5490350244623448
29,0.5892057542402359
30,0.7638088078860009
31,0.7682303140404374
32,0.8152858025756713
33,0.8337707009186728
34,0.8592772103933861
35,0.9393099237941587
36,0.9316160969382792
37,0.9760033591924535
38,0.9642201905079746
39,0.9910693512227627
40,1.0
41,0.9760033591924535
42,0.9880745308818951
43,0.9672888690245874
44,0.9755694834834417
45,0.9402109407147934
46,0.9514016577187089
47,0.924316348044133
48,0.8987713883226373
49,0.8797274614533893
50,0.8558213271155427
51,0.8498642617125137
52,0.8271432530402202
53,0.8240664540831227
54,0.6247776911997017
55,0.5856020155154722
56,0.5731798493597873
57,0.534974893964089
58,0.5245860430009848
59,0.35039592943788384
60,0.32140673016932486
61,0.2909879809896627
62,0.26188918289069646
63,0.23460201043956594
64,0.23995483628112066
65,0.27605543749833344
66,0.3038003711941115
67,0.34059269951101895
68,0.3680739166644446
69,0.5597265571666482
70,0.5892057542402359
71,0.6295032516011818
72,0.7829685796903908
73,0.7862062306336769
74,0.80903032036618
75,0.8152858025756713
76,0.8393376688015756
77,0.8592772103933861
78,0.8850053937655256
79,0.898300210629273
80,0.8864393759002847
81,0.9201847916611114
82,0.9114011135823346
83,0.9316160969382792
84,0.9188034777099997
85,0.9424597144142655
