0,0.9800290516119995
1,0.9527501585803427
2,0.9601003169612923
3,0.9360012918141087
4,0.9420838435964995
5,0.8236401691850967
6,0.7981745429757088
7,0.789317963244329
8,0.765008011950188
9,0.759242986221498
10,0.7139090144014049
11,0.7126770738555416
12,0.5117254316515308
13,0.47798640331861875
14,0.4742953333830018
15,0.44563889485161573
16,0.4485869240972164
17,0.42442973215780144
18,0.43161526837514896
19,0.4128855975884335
20,0.42442973215780144
21,0.40319462433998404
22,0.42131270295721057
23,0.3988119439135247
24,0.40319462433998404
25,0.38650340977085723
26,0.397708727570744
27,0.35695450720070243
28,0.33142393964228667
29,0.3379874271015634
30,0.3192698171902835
31,0.34569915911323723
32,0.33537744652025486
33,0.35695450720070243
34,0.38536495837368895
35,0.42442973215780144
36,0.4376804172309021
37,0.427524036056425
38,0.5244463144413423
39,0.5277867705993432
40,0.5755718482937907
41,0.5846603869034226
42,0.610396166263439
43,0.6232180220337805
44,0.6501317968314718
45,0.6843723793395026
46,0.7126770738555416
47,0.7797976394704756
48,0.7758435513482839
49,0.8025661829604052
50,0.8009221398895164
51,0.8300168334202531
52,0.8488594643156029
53,0.8268346485411213
54,0.8347673660129996
55,0.815599233056955
56,0.825771195176867
57,0.8096517943656446
58,0.8220382743089415
59,0.8617022430699454
60,0.8883150852515188
61,0.9279870309984027
62,0.9545930039359416
63,0.9853942142458745
64,0.9750850532953163
65,0.993829822097316
66,0.9777848786378293
67,1.0
68,0.9786831653487673
69,0.9504415771440914
70,0.9527501585803427
71,0.9265655539867635
72,0.9308234727562983
73,0.9069154350472206
74,0.9131917413198407
75,0.8091089503258284
76,0.7831709687268742
77,0.765008011950188
78,0.7410864584109403
79,0.7363282297066421
80,0.6920335028512286
81,0.6920335028512286
82,0.6720636843202241
83,0.6759748542031268
84,0.610396166263439
85,0.6232180220337805
86,0.6824436604851566
87,0.6759748542031268
88,0.7545992546705734
89,0.7557628625393505
90,0.8009221398895164
91,0.8063892486799681
92,0.8305460122010871
93,0.8389674799045754
94,0.8642478977830931
95,0.9030314110537554
96,0.9303513329984274
97,0.9194252044090571
98,0.9568915697581233
99,0.9490537327768725
100,0.9710212405301094
101,0.9601003169612923
102,0.9853942142458745
