0,0.5973539011074732
1,0.5771215703217937
2,0.557220826517594
3,0.5376884887098562
4,0.4979164509023657
5,0.47927337741317294
6,0.45944434800190015
7,0.4418682210257661
8,0.4221585268381751
9,0.4058971239705016
10,0.38640255006025687
11,0.3717765750853303
12,0.3526420786627205
13,0.3400640591953752
14,0.3215063555105301
15,0.3114959116429894
16,0.29383096103604595
17,0.2870126088236584
18,0.27067937995472297
19,0.2677371253988353
20,0.25329511610290506
21,0.25485386999122644
22,0.24291953604043254
23,0.2493556051541296
24,0.24046160229487332
25,0.25172671021102105
26,0.24615860619921578
27,0.2617534173323216
28,0.2594739537473219
29,0.278610413258797
30,0.2793202498570378
31,0.30115290021338115
32,0.30442284297787625
33,0.3282114749322877
34,0.3400640591953752
35,0.3658707232597518
36,0.3739010299504667
37,0.40049474354098635
38,0.4097813954771592
39,0.4369108480101071
40,0.4472135954999579
41,0.47470678808446104
42,0.4858390720808651
43,0.5135780137794294
44,0.5253947125356289
45,0.5532979431205092
46,0.565685424949238
47,0.5936962586413633
48,0.6065647468153816
49,0.634643425261558
50,0.647921276235022
51,0.6760397199649567
52,0.6896691702232569
53,0.7178074426700208
54,0.7317414465195036
55,0.7598853483087152
56,0.7740852154589177
57,0.8022246296615703
58,0.8166582474140006
59,0.8447859884826652
60,0.8594264723559186
61,0.8875374765480204
62,0.9023621366960021
63,0.9304528866403854
64,0.9606103670207411
65,1.0
66,0.9568926608331969
67,0.9287487590439852
68,0.9147850475211742
69,0.886644581476358
70,0.8729147713378449
71,0.8447859884826652
72,0.8313176943328532
73,0.8032113761965061
74,0.7900369711865288
75,0.7619672298766795
76,0.7491249020102597
77,0.7211102550927978
78,0.7086453399421901
79,0.6807101708022758
80,0.6686768373970248
81,0.6408533914296862
82,0.6293167755275526
83,0.6016479020322452
84,0.5906867961018842
85,0.5632297246881394
86,0.5529399372964714
87,0.5257714746582934
88,0.507371404963127
89,0.48092320458974663
90,0.47303528011938367
91,0.4472135954999579
92,0.4405217428692868
93,0.4155397301422966
94,0.4102643436653597
95,0.38640255006025687
96,0.38279845018670927
97,0.360417799364862
98,0.358765761029573
99,0.3383126446713963
100,0.33889745521103415
101,0.3208898518646281
102,0.323960638117511
103,0.30894262340191175
104,0.3146583877637763
105,0.303119098901425
106,0.3114959116429894
107,0.30377167037558367
108,0.3146583877637763
109,0.3108595556941054
110,0.323960638117511
111,0.323960638117511
112,0.33889745521103415
113,0.3423853425196196
114,0.358765761029573
115,0.36532909346868814
116,0.40049474354098635
117,0.4102643436653597
118,0.4286751406807068
119,0.4405217428692868
120,0.45944434800190015
121,0.47303528011938367
122,0.49231721239843157
123,0.507371404963127
124,0.5269001445969034
125,0.5431845956491174
126,0.5628780357842336
127,0.580201398969648
128,0.6
