0,0.9423148715122619
1,0.9177285054721235
2,0.9313313313641325
3,0.9106416928094863
4,0.9177285054721235
5,0.8821571399202044
6,0.8920379517246297
7,0.842832043564159
8,0.8194473152308355
9,0.8119721549953575
10,0.789604717409982
11,0.7847634411315204
12,0.7428521173778014
13,0.7418253689708788
14,0.6204099746017675
15,0.5823888986478818
16,0.5555978981153942
17,0.5187050009868619
18,0.5075647261379697
19,0.4365189348559863
20,0.4285895756901279
21,0.36312498688132294
22,0.33586437448586365
23,0.27607881518711636
24,0.2484709336684047
25,0.22258185668834118
26,0.16793218724293182
27,0.14867299195410497
28,0.09954163242264942
29,0.09954163242264942
30,0.08730378697119727
31,0.1234661995811987
32,0.15617376188860607
33,0.19521720236075757
34,0.21562444768398684
35,0.2545320910334366
36,0.27607881518711636
37,0.4312488953679737
38,0.4494237502814834
39,0.48843328425766774
40,0.5075647261379697
41,0.5466081666101212
42,0.6739942823814804
43,0.681864373897217
44,0.7293916609901371
45,0.8236222790433643
46,0.8175849325612718
47,0.8396609362146592
48,0.8446387595572095
49,0.8236222790433643
50,0.8382982180817422
51,0.8208413292499824
52,0.8305339158432083
53,0.8157182978598767
54,0.8273156710181399
55,0.8152509713833301
56,0.8286964491766866
57,0.8063203079573218
58,0.8236222790433643
59,0.9803713830893309
60,0.9896568757439707
61,0.9760860118037878
62,0.9877295966495896
63,0.975695499280935
64,0.9896568757439707
65,0.9792045054096892
66,0.9954163242264943
67,0.9784258138309371
68,0.9977107944030137
69,0.9760860118037878
70,1.0
71,1.0
72,0.9760860118037878
73,0.9911960008974621
74,0.970997098787457
75,0.9784258138309371
76,0.96034165668317
77,0.9694259050416661
78,0.9043425047257584
79,0.8808601671924672
80,0.8730378697119726
81,0.8504840802341377
82,0.8450898350283789
83,0.8025302972777916
84,0.8006285640426374
85,0.630161613030011
86,0.5927663546621992
87,0.5804224701908421
88,0.5438121985732511
89,0.5331967558864221
90,0.49770816211324714
91,0.48921290691546854
92,0.3312945782245396
93,0.303686696705828
94,0.2545320910334366
95,0.20098841126645742
96,0.18519929937179805
97,0.13803940759355818
98,0.13803940759355818
99,0.11043152607484653
100,0.14077312659286823
101,0.16098022905419615
102,0.19908326484529884
103,0.23426064283290907
104,0.4294778451936666
105,0.4494237502814834
106,0.48843328425766774
107,0.5303300858899106
108,0.5691510580059289
109,0.5908344656954758
110,0.5972497945358967
111,0.6677455700650236
112,0.6924021459436106
113,0.7178049194865025
114,0.7510155725708372
115,0.7433649597705249
116,0.7635962731003098
117,0.7580864871182044
118,0.7808688094430303
119,0.7735135233024095
120,0.8006285640426374
121,0.8025302972777916
122,0.777445002368217
123,0.8039536450658297
124,0.7857340827407754
125,0.7948960662234786
126,0.7794033052246583
127,0.7905694150420948
128,0.7670818953321356
129,0.7813567000307393
130,0.7735135233024095
131,0.8194473152308355
132,0.8576236311360168
133,0.9519716382329884
134,0.9386679716361955
135,0.9507699062518471
136,0.9390738821293887
137,0.9535715916950361
138,0.9341913158631621
139,0.9519716382329884
140,0.9313313313641325
141,0.9531718551058111
