0,0.862306943484448
1,0.8381182251824819
2,0.8427064979251342
3,0.8210752245815202
4,0.8253689678937255
5,0.7391024919273813
6,0.7156890364642783
7,0.7030049347645733
8,0.6802388813737773
9,0.6697657189285877
10,0.6478161851703286
11,0.6398304724057953
12,0.3691162237458423
13,0.33822461011798083
14,0.33053668285782284
15,0.3042120759380363
16,0.3052665403682173
17,0.26467227637542257
18,0.273038694207807
19,0.25096215878372613
20,0.23372472987967377
21,0.2391609153786004
22,0.2267462937912591
23,0.24050076292307468
24,0.24967845645857645
25,0.2391609153786004
26,0.26948489376800266
27,0.26948489376800266
28,0.2890459441691181
29,0.3063173749401613
30,0.32956308226620595
31,0.34481096493936564
32,0.3768698028882771
33,0.7710207569917182
34,0.8518089023775612
35,1.0
36,0.932145161196697
37,0.8392676450028239
38,0.8056675847205278
39,0.8338901310380603
40,0.8257582010999373
41,0.8427064979251342
42,0.8361990144539629
43,0.8551973268587336
44,0.8502986017172215
45,0.8712045852185998
