0,0.9391651878130918
1,0.9168560410446123
2,0.9125856124221989
3,0.8705242673240073
4,0.8698509211353402
5,0.811297186609198
6,0.7915570099493782
7,0.7730823048033113
8,0.20634467524023972
9,0.19465514377996793
10,0.15934435979977452
11,0.18221724671391562
12,0.20155644370746373
13,0.21830311495716226
14,0.2774042627646518
15,0.29646353064078557
16,0.31622776601683794
17,0.3168447963909144
18,0.2576941016011038
19,0.2404423007708918
20,0.20155644370746373
21,0.1875
22,0.16886570107632867
23,0.15436361294035583
24,0.17001838135919303
25,0.17677669529663687
26,0.19465514377996793
27,0.20634467524023972
28,0.7730823048033113
29,0.7915570099493782
30,0.811297186609198
31,0.8902685690284702
32,0.8913648243003534
33,0.9125856124221989
34,0.9168560410446123
35,0.9391651878130918
36,0.9457966219013472
37,0.9690523721657153
38,1.0
39,0.9812699042567238
40,0.9637978263100617
41,0.9395810236483068
42,0.9303897032964197
43,0.9070039966835868
44,0.9033358317923628
45,0.792789773521329
46,0.7533778102652081
47,0.7323442667216014
48,0.16298006013006622
49,0.08838834764831843
50,0.125
51,0.15811388300841897
52,0.13975424859373686
53,0.1202211503854459
54,0.10643366478704
55,0.08838834764831843
56,0.0838525491562421
57,0.07126096406869611
58,0.1202211503854459
59,0.13975424859373686
60,0.16298006013006622
61,0.7126096406869612
62,0.7336765295414593
63,0.7730823048033113
64,0.7945124291035351
65,0.8141809534741032
66,0.9033358317923628
67,0.9070039966835868
68,0.9303897032964197
69,0.9447635286144358
70,0.9692539012044264
71,0.9812699042567238
