0,0.8105202681678583
1,0.7906456475686732
2,0.7614443464676844
3,0.7415548314080159
4,0.726943907431372
5,0.6873986293284997
6,0.6726865781336485
7,0.6633031512026543
8,0.6487879062899675
9,0.6401843996644799
10,0.6259033972433845
11,0.6181519725260916
12,0.5086048381490497
13,0.48730261439296024
14,0.4740111770305162
15,0.4526787302125927
16,0.4394372661675586
17,0.3755420383460307
18,0.3680855629849085
19,0.32643127461868654
20,0.30505228222241376
21,0.2862991671569341
22,0.28333664225571753
23,0.29663818715579127
24,0.29541661084535487
25,0.3120838598572725
26,0.3140091332688872
27,0.3502994999048077
28,0.3584629137851023
29,0.34892036266068954
30,0.35474466893105644
31,0.347188737268943
32,0.4177821776077956
33,0.43971148601712756
34,0.4502758181822893
35,0.49418020910822874
36,0.5050373063547177
37,0.5055144319276894
38,0.48507125007266594
39,0.5007227177947077
40,0.5142614143744099
41,0.5207831059034144
42,0.5912411148850941
43,0.6116831041192777
44,0.6259033972433845
45,0.687573963760462
46,0.694377474537886
47,0.7152425056241377
48,0.7224529628357306
49,0.7435028772287601
50,0.7510840766920615
51,0.7722901109227817
52,0.8052982700595157
53,0.8268633438437566
54,0.9232870714969655
55,0.9225034071275867
56,0.9552423493533311
57,0.9557469676396377
58,0.9671559076294204
59,0.9684014405442695
60,0.9801550661566938
61,0.9821207839821932
62,0.9941972430803182
63,1.0
64,0.8958545911077711
65,0.8339759656504172
66,0.8057471960091248
67,0.7851379870001612
68,0.7569988452352885
69,0.7363348468938851
70,0.5217081210300432
71,0.5
72,0.47528096547486454
73,0.4316883943503453
74,0.42237332840021585
75,0.4006985221952895
76,0.3611430476527108
77,0.36906669017080845
78,0.363471953715686
79,0.3732884438274
80,0.38816880877783555
81,0.4075587645685754
82,0.42237332840021585
83,0.44189911885403554
84,0.48631216090071494
85,0.5057528259196852
86,0.5353916004786278
87,0.54609157447681
88,0.5912411148850941
89,0.6029499964074897
90,0.6181519725260916
91,0.6305085119223669
92,0.6458083823634955
93,0.6721487873123322
94,0.6705328268908864
95,0.6993935932393317
96,0.6987038558001041
97,0.7143993572635902
98,0.7202806696064242
99,0.7071067811865476
100,0.7125409189894499
101,0.7005989998096154
102,0.704202839630928
103,0.6826475771298353
104,0.7217852612486862
105,0.7364985314233925
106,0.7562022556794553
107,0.7708840996427202
108,0.7906456475686732
109,0.8494424968462604
110,0.8543947312562602
