0,0.9222919313530852
1,0.8948909852706485
2,0.900437883333847
3,0.8761477356997416
4,0.8813418664043927
5,0.8594121314120817
6,0.8666241079028094
7,0.7862933685405139
8,0.7610867966488415
9,0.7512092602578162
10,0.7114942490210595
11,0.6871674978667729
12,0.6473693975849186
13,0.6232028102781544
14,0.6076961459554673
15,0.6185245460835679
16,0.6441566264008308
17,0.7344515553369939
18,0.7293491670447562
19,0.7539660007523259
20,0.7512092602578162
21,0.7783374130996822
22,0.7967777430276477
23,0.7756672940361379
24,0.7836503581428566
25,0.7344515553369939
26,0.708572289040914
27,0.6967619237754288
28,0.5096577649211266
29,0.46895310261062645
30,0.44814046404969077
31,0.20370021093167762
32,0.15513345880722756
33,0.1187766130912453
34,0.1629601687453421
35,0.1187766130912453
36,0.14689031106739878
37,0.1821950074697108
38,0.2375532261824906
39,0.3864939758404985
40,0.40020741510338664
41,0.43972832050099114
42,0.4554875186742769
43,0.495624004187621
44,0.7032821689255534
45,0.7114942490210595
46,0.7610867966488415
47,0.8388888125574359
48,0.8249229814420272
49,0.8477453622227162
50,0.8359157772897887
51,0.8086667476245656
52,0.8148008437267105
53,0.7910285336691959
54,0.7967777430276477
55,0.7756672940361379
56,0.7836503581428566
57,0.7489965624903806
58,0.7605414101247365
59,0.7361444924014211
60,0.7114942490210595
61,0.7032821689255534
62,0.7434360062814315
63,0.839877485631904
64,0.9109750373485538
65,0.9022792715215324
66,0.9436399904281662
67,0.9330270194839679
68,0.9576076692115514
69,0.9523937956059529
70,0.9798805922681266
71,1.0
72,0.9781852958560795
73,0.9933388101253492
74,0.9747858579604384
75,0.9845276054073488
76,0.9536999362822303
77,0.9662349396012462
78,0.9436399904281662
79,0.9191372465569538
80,0.904575735585909
81,0.8818125430021113
82,0.8780400656271176
83,0.8565103376528646
84,0.855540885913046
85,0.6700467562802314
86,0.6317991171894178
87,0.6205338352289103
88,0.583308634134282
89,0.5739865685822823
90,0.4043333738122828
91,0.3756046301289081
92,0.3456907211494064
93,0.3168831610536226
94,0.28951239591059325
95,0.29378062213479755
96,0.3643900149394216
97,0.3918251790714283
98,0.46540037642168264
99,0.47684996814111513
100,0.5541244823220804
101,0.5681738965875548
102,0.6076961459554673
103,0.6396316367296057
104,0.6798828310087076
105,0.8158187090126725
106,0.81886471354378
107,0.8413583169062905
108,0.8472557604710942
109,0.8709226280596859
110,0.9308007528433653
111,0.9204905782050761
112,0.9383485095161622
113,0.9222919313530852
114,0.9436399904281662
