0,0.8005129484372727
1,0.7777551534238195
2,0.7644465732043819
3,0.6791402439287508
4,0.6556482078111168
5,0.6281136807100264
6,0.5809597689476353
7,0.5538298295014544
8,0.5301620844646256
9,0.5036921830635864
10,0.4561751649003218
11,0.4304541368927391
12,0.38278222906984094
13,0.35815949130054603
14,0.31040489246047326
15,0.28752075925251075
16,0.2399638893396278
17,0.22013782352311928
18,0.17382936363711898
19,0.1601737938669531
20,0.13922738429704987
21,0.1350704026906349
22,0.10678252924463541
23,0.1217508156746633
24,0.1217508156746633
25,0.15101330108226504
26,0.17218165475709563
27,0.8940446574343405
28,0.9745916900793489
29,0.9397469272858602
30,0.8756818486836558
31,0.8542602339570833
32,0.6961369214852493
33,0.6740845390546162
34,0.521488090911357
35,0.49857264910042437
36,0.35895451889655877
37,0.33513386763505704
38,0.23516412667884712
39,0.21356505848927082
40,0.2026056040359523
41,0.2701408053812698
42,0.30577862928175276
43,0.33936018678389823
44,0.37753325270566257
45,0.4108005922194428
46,0.450515984426179
47,0.48347846416729773
48,0.5036921830635864
49,0.5365755687086449
50,0.5775148267728988
51,0.6101572782643244
52,0.6517234410066763
53,0.6841585898421009
54,0.7261997111845442
55,0.7584566938477222
56,0.8008689693347655
57,0.8329721756349273
58,0.8542602339570833
59,0.8863593172210859
60,0.9076514985794009
61,0.9397469272858602
62,1.0
63,0.9604493437174114
64,0.9272265876320948
65,0.9076514985794009
66,0.8743787499726013
67,0.8357054797012741
68,0.8022914730655597
69,0.7644465732043819
70,0.730895016849646
71,0.6940864400901301
72,0.6604134705693578
73,0.6249287302580498
74,0.5911741597153629
75,0.5740492114351982
76,0.5402816107625396
77,0.5076383488986229
78,0.47395086082004734
79,0.4441434429861016
80,0.4108005922194428
81,0.38500988451526585
82,0.35254410109305107
83,0.3325722973328502
84,0.3020266021645301
85,0.2904798844738177
86,0.2637333922097781
87,0.2637333922097781
88,0.2435016313493266
89,0.24928632455021218
90,0.23516412667884712
91,0.25827248213564347
92,0.25381917444931146
93,0.28752075925251075
94,0.2914595833242004
95,0.33171404481217803
96,0.34187090057035346
97,0.38574957757857936
98,0.40025647421863636
99,0.44606476461421013
100,0.4636132938160474
101,0.5104383610295079
102,0.5301620844646256
103,0.5538298295014544
104,0.5750415185050215
105,0.6226437912353805
106,0.6451291050198182
107,0.6689906282313269
108,0.7167168271097434
109,0.7179090377931175
110,0.7436542642695251
111,0.7463327292564672
112,0.7733444081042935
