0,0.9798814800192399
1,0.9093043393448438
2,0.8890199064869015
3,0.8435226128106176
4,0.8231452691790847
5,0.7791841134158092
6,0.7587366748214281
7,0.7374384812490018
8,0.7169700981165752
9,0.6962011324118114
10,0.6552481246228813
11,0.6351018010476118
12,0.5941715512249937
13,0.5748028556393514
14,0.5543803082771346
15,0.5359213935288726
16,0.4546521696724219
17,0.43773765632533734
18,0.35760676668753455
19,0.34324875309161984
20,0.21081851067789198
21,0.2047650389446504
22,0.2047650389446504
23,0.21081851067789198
24,0.36284457345587123
25,0.37756807596990277
26,0.45786854649563014
27,0.4749489655911912
28,0.5359213935288726
29,0.5543803082771346
30,0.5952291104443191
31,0.6146362971528592
32,0.6555679919226861
33,0.6757246285173463
34,0.6962011324118114
35,0.7169700981165752
36,0.7374384812490018
37,0.7587366748214281
38,0.7791841134158092
39,0.8009428406336273
40,0.8213605320988632
41,0.8660859205661613
42,0.8864221538301255
43,0.9798814800192399
44,1.0
45,0.9881902226507596
46,0.8602568969332208
47,0.8397863360086008
48,0.8009428406336273
49,0.7805282305325548
50,0.7620451353167725
51,0.7416905161878067
52,0.723953737938449
53,0.7036889917179247
54,0.6868028197434451
55,0.6666666666666666
56,0.6507534739495767
57,0.6307959764783696
58,0.6159991287532296
59,0.5766235851141135
60,0.5633830129558502
61,0.5057323394459025
62,0.49483707587061876
63,0.439649183568171
64,0.43195232286019564
65,0.3333333333333333
66,0.3333333333333333
67,0.3333333333333333
68,0.3333333333333333
69,0.43195232286019564
70,0.439649183568171
71,0.49483707587061876
72,0.5057323394459025
73,0.5440742334355393
74,0.5570211276851454
75,0.5962847939999439
76,0.6108728332874506
77,0.6507534739495767
78,0.6666666666666666
79,0.6868028197434451
80,0.7036889917179247
81,0.723953737938449
82,0.7416905161878067
83,0.7620451353167725
84,0.7805282305325548
85,0.8009428406336273
86,0.8600131635675317
87,0.8804896674619968
88,0.9658747569543338
