0,0.1374399707752165
1,0.11943067205668133
2,0.1666024034421197
3,0.14158481769380435
4,0.08095421666971743
5,0.05890284461794993
6,0.03926856307863329
7,0.02776706724035329
8,0.6089793273385187
9,0.6482287116489163
10,0.655326317862771
11,0.6778805011103795
12,0.6972243681797521
13,0.7203400208003803
14,0.6829795487376119
15,0.6623478717117924
16,0.6165289461195137
17,0.1533486410291078
18,0.1533486410291078
19,0.13171076463384368
20,0.142939727203297
21,0.13883533620176644
22,0.15707425231453315
23,0.15829663847263079
24,0.25524566001111637
25,0.2734738968231505
26,0.2990604666001758
27,0.4288191816098911
28,0.4924252758282008
29,0.4908570384829161
30,0.5108687628242764
31,0.7944002164728753
32,0.8011653039516722
33,0.7576390712077281
34,0.7647294309390303
35,0.781927712990356
36,1.0
37,0.9866104369010114
38,0.9588688401355441
39,0.9025364754053781
40,0.847009342641948
41,0.6048506063279822
42,0.6199584635525632
43,0.6115062233683283
44,0.6295229558077883
45,0.6286037200448937
46,0.6479312907974493
47,0.6482287116489163
48,0.7111839249965352
49,0.7307013350321274
50,0.7747459603037238
51,0.910827527520004
52,0.9280184242980017
53,0.9475448126264189
54,0.9652800696963386
55,0.9638812571432295
56,0.982499134329968
57,0.9819104001508696
58,0.9887571538700599
59,0.9497798308357847
60,0.9329899871456871
61,0.8166539475247212
62,0.7941575403662589
63,0.7553458923674785
64,0.7330716105005156
65,0.7136190302097917
66,0.6491201565509342
67,0.6482287116489163
68,0.6282970092581326
69,0.6286037200448937
70,0.6099281401610931
71,0.5893555933561677
72,0.5890284461794993
73,0.5697325861646467
74,0.570746646746656
75,0.5047958128239223
76,0.46670154438817746
77,0.453292588913855
78,0.32500518944910894
79,0.2990604666001758
80,0.2811201297859259
81,0.25524566001111637
82,0.23724192649806222
83,0.13883533620176644
84,0.1374399707752165
85,0.11943067205668133
86,0.09817140769658322
87,0.16890047618589216
