0,0.7656414934887764
1,0.3362413195695433
2,0.3099991794150229
3,0.2862991671569341
4,0.24822717944918504
5,0.22555753422051872
6,0.21265768266006072
7,0.1522397324028878
8,0.1522397324028878
9,0.12803687993289598
10,0.11887925859136851
11,0.1522397324028878
12,0.1730908132202716
13,0.19606069594693126
14,0.21529949429621467
15,0.21398266546446332
16,0.2658221033250759
17,0.2710864183997679
18,0.30074337896069164
19,0.30908607233755814
20,0.3404183905292345
21,0.3510462437266575
22,0.3833740894760991
23,0.6812517989458721
24,0.6911374686451973
25,0.7339771400102728
26,0.7461982029296228
27,0.7682212795973757
28,0.7971118017069981
29,0.8198360491836056
30,0.8536159909666157
31,0.8486347230463631
32,0.8877025561253601
33,0.8848323050313737
34,0.9062935531726621
35,0.9084740185590529
36,0.8877025561253601
37,0.8953115743414704
38,0.8768100877065115
39,0.8822731317611907
40,0.8496333129855287
41,0.8572505248806442
42,0.8432889393091243
43,0.8742274308808125
44,0.9405746171965385
45,1.0
46,0.8375716602400711
