0,0.9354361458882471
1,0.8940623420387843
2,0.8761848188983092
3,0.8357821550899021
4,0.7998776415399813
5,0.7800531207075655
6,0.7440903662077593
7,0.7245406937955537
8,0.6885215974913726
9,0.6692987735586496
10,0.5611105278550925
11,0.5421845727516167
12,0.433883032779306
13,0.415444100907442
14,0.2890045919356118
15,0.27154323032992334
16,0.14562684441417167
17,0.1314990742373705
18,0.051089276687930535
19,0.07663391503189579
20,0.25861975211245564
21,0.28040986082686115
22,0.5108927668793053
23,0.5315494909579761
24,0.6743978040017734
25,0.6948892901835122
26,0.748462262618789
27,0.7691015075231541
28,0.8047574690632269
29,0.8255701475438036
30,0.843360016514382
31,0.8643756056263721
32,0.8821226069191553
33,0.9247370773990174
34,0.9287856268374862
35,0.9506587395862475
36,0.9768945703766202
37,0.9661480673744341
38,0.9795627749237479
39,0.9701919555782977
40,0.9463590398470145
41,0.9392649237907383
42,0.9156960108787823
43,0.8491431243771561
44,0.832065375772567
45,0.8491431243771561
46,0.87376106648503
47,0.882862022478085
48,0.9775623042689245
49,0.9941098964067144
50,0.986697822943265
51,0.9962408954146452
52,0.9895044651036359
53,1.0
54,0.9639505446487119
55,0.9423859899195962
56,0.9387437372581697
57,0.9176535791648157
58,0.914626480425175
59,0.8340236401326783
60,0.8160302588510564
61,0.7966078163378583
62,0.7785878378238245
63,0.7594966994935519
64,0.7414548548593188
65,0.7227372294086186
66,0.6866235329637165
67,0.6683231188511023
68,0.6141347578631751
69,0.5963455866589182
70,0.4880296303148538
71,0.47101985771531263
72,0.363057525360712
73,0.3474446450917561
74,0.22342433603232326
75,0.21141950133914483
76,0.09031393497987869
77,0.0972710848494953
78,0.15538196896869108
79,0.18062786995975738
80,0.3771620652863007
81,0.3998368345842779
82,0.6093346731333651
83,0.6309060265646763
84,0.7545403622326462
85,0.7758592563373669
86,0.8289225302611526
87,0.850295026047648
88,0.8856293326471433
89,0.9071044588052356
90,0.9247370773990174
91,0.9463590398470145
