0,0.817903122161408
1,0.7948107560489066
2,0.8034408760943834
3,0.7834494900427696
4,0.7900240066190918
5,0.7167936268189582
6,0.6938150404429321
7,0.6848105703341467
8,0.6628049070635991
9,0.6565321642986127
10,0.6357184369156543
11,0.6324555320336759
12,0.594225082166566
13,0.5570860145311556
14,0.5388365499724447
15,0.4646095876814395
16,0.5017211754859809
17,0.5044628416649631
18,0.5464619745738695
19,0.553982447126385
20,0.5765533740283273
21,0.6
22,0.6242236557627346
23,0.6565321642986127
24,0.6496683504044516
25,0.6695340634119862
26,0.6612423000007976
27,0.6848105703341467
28,0.6848105703341467
29,0.6612423000007976
30,0.6695340634119862
31,0.6496683504044516
32,0.6565321642986127
33,0.6108219448217803
34,0.5872202195147035
35,0.5681184917687992
36,0.5252257314388902
37,0.5212716546399146
38,0.38774324956884404
39,0.3523321317088221
40,0.3321819194149599
41,0.29942473580817114
42,0.29361010975735174
43,0.2639226636986545
44,0.2626128657194451
45,0.2
46,0.21172526114494827
47,0.6459422414661738
48,0.6695340634119862
49,0.8111294807136272
50,0.9519489989236419
51,1.0
52,0.8670202638526013
53,0.7109973568019154
54,0.7357848261175461
55,0.7647402083105717
56,0.7474093186836597
57,0.7225434004385074
58,0.3974053780244533
59,0.3947937043134265
60,0.447213595499958
61,0.4495208176683716
62,0.47922350987174356
63,0.48423419811150226
64,0.5159524169453266
65,0.6873236450926508
66,0.6873236450926508
67,0.7263512971672534
68,0.7357848261175461
69,0.7574913223583989
70,0.8
71,0.7900240066190918
72,0.8055839603923226
73,0.7974095992433983
74,0.8153696009828282
75,0.8034408760943834
76,0.8246211251235321
