0,0.9854465058358179
1,0.9113697936896188
2,0.8778030779315269
3,0.8422282599903339
4,0.8085940654037923
5,0.7912410018105581
6,0.7575867455637172
7,0.7239332290434763
8,0.6902805604423797
9,0.6583523084486451
10,0.6247945838070895
11,0.6096485775444596
12,0.5762042445563546
13,0.5479811001476056
14,0.5149328183029697
15,0.502120150852713
16,0.4694641632399349
17,0.4472135954999579
18,0.4156976456246819
19,0.3990072666842742
20,0.36951848309447516
21,0.3641124876775302
22,0.3366221139379705
23,0.3332388912480454
24,0.3103502544759031
25,0.3175686671523822
26,0.30108397179799257
27,0.3094361133017564
28,0.29824795281740557
29,0.32375278226242765
30,0.32023362576534886
31,0.3366221139379705
32,0.33830103763953884
33,0.3763549647474907
34,0.38380826185699596
35,0.4257970363298796
36,0.4376087481193616
37,0.45970799945096325
38,0.4742669907027633
39,0.5198605173573794
40,0.5370151479444626
41,0.5602508543768838
42,0.5791465832347811
43,0.6261533268046695
44,0.6466299649836302
45,0.6939642658424776
46,0.7156684309903206
47,0.7394201847608219
48,0.7620607219305745
49,0.7858522376228055
50,0.7869329425628665
51,0.7631751179272223
52,0.7413333061596044
53,0.6939642658424776
54,0.673244227875941
55,0.6496894006219074
56,0.6302119792658644
57,0.58353227418384
58,0.5657855728521116
59,0.5198605173573794
60,0.5043718220164491
61,0.48196951933056864
62,0.4688603505614565
63,0.4257970363298796
64,0.4163785595054865
65,0.3763549647474907
66,0.3718112774813627
67,0.35385373332668846
68,0.35385373332668846
69,0.32375278226242765
70,0.3306787594121304
71,0.3193477772474097
72,0.3315343333115078
73,0.3175686671523822
74,0.3366221139379705
75,0.3332388912480454
76,0.3578342154951603
77,0.36020139157548775
78,0.38748115187643656
79,0.3990072666842742
80,0.4291106819191413
81,0.4376087481193616
82,0.4688603505614565
83,0.4901291961260665
84,0.52257805033974
85,0.5479811001476056
86,0.5810998656206715
87,0.5950694486572239
88,0.6284113699308415
89,0.6583523084486451
90,0.6919201840360544
91,0.7077074666533769
92,0.7413333061596044
93,0.7742308620573322
94,0.8078930734511292
95,0.8422282599903339
96,0.8758646072300788
97,0.8934765152403945
98,0.927086881034262
99,1.0
100,0.971258346787283
101,0.9521111178515582
102,0.9187995616895485
103,0.8997953812091535
104,0.8664341955956323
105,0.8290067096507074
106,0.7955257317030667
107,0.777152498333321
108,0.7436225549627254
109,0.7077074666533769
110,0.6740852578451725
111,0.639582016482144
112,0.6059198050883469
113,0.5893290947082864
114,0.555681446233708
115,0.5242018079048992
116,0.4907068382783599
117,0.4760555589257791
118,0.4427572634460982
119,0.4237964127189231
120,0.4572364331583447
121,0.47247165180185563
122,0.5060540006343924
123,0.5220356754656941
124,0.555681446233708
125,0.5893290947082864
126,0.6229783166393777
127,0.6404672515306977
128,0.6740852578451725
129,0.7101051272767311
130,0.7436225549627254
131,0.7807891700358849
132,0.814180273903512
133,0.8330972281201134
134,0.8664341955956323
135,0.904818702200994
136,0.9380227532167906
137,0.9574517643306267
