0,0.8338540040078959
1,0.7915570099493782
2,0.7915570099493782
3,0.7551903733496607
4,0.7603453162872774
5,0.6754628043053147
6,0.6903350635742037
7,0.6719840027857805
8,0.6373774391990981
9,0.6174544517614233
10,0.5876329636771579
11,0.5876329636771579
12,0.5618051263561058
13,0.5700877125495689
14,0.5303300858899106
15,0.5505678886386309
16,0.5659615711335885
17,0.5491470659122198
18,0.6174544517614233
19,0.6149186938124421
20,0.6434768838116874
21,0.6578848683470383
22,0.6914658342969665
23,0.75
24,0.7384527743870964
25,0.799413847765974
26,0.7945124291035351
27,0.831038506929733
28,0.831038506929733
29,0.873212459828649
30,0.9395810236483068
31,0.9194087774216646
32,0.956066158798647
33,0.9429011082823054
34,0.965012953280939
35,0.9568829604502318
36,0.981866844332774
37,0.9976534969617457
38,0.9762812094883316
39,0.9905806378079474
40,0.9722718241315028
41,0.9913690029449176
42,0.9762812094883316
43,1.0
44,0.956066158798647
45,0.9913690029449176
46,0.9890020222426241
47,0.9519716382329885
48,0.9778803607803972
49,0.9503288904374105
50,0.9762812094883316
51,0.9552486587271399
52,0.9722718241315028
53,0.9429011082823054
54,0.965012953280939
55,0.9519716382329885
56,0.9261816776421351
57,0.9329054078522645
58,0.9100137361600646
59,0.9219544457292888
60,0.8838834764831844
61,0.9031195934094222
